  id  |      nome      | total | qtdVotos | votos1 | votos2 | votos3 | votos4 | votos5 | votos6 | votos7 | votos8 | votos9 |         createdAt          |         updatedAt          |    votosmedia    | likePos | likeNeg 
------+----------------+-------+----------+--------+--------+--------+--------+--------+--------+--------+--------+--------+----------------------------+----------------------------+------------------+---------+---------
 2074 | triste         |     3 |        2 |      1 |      1 |      0 |      0 |      0 |      0 |      0 |      0 |      0 | 2017-04-10 12:57:40.915-04 | 2017-04-13 15:12:14.875-04 |              1.5 |       0 |       0
 2064 | simples        |     7 |        1 |      0 |      0 |      0 |      0 |      0 |      0 |      1 |      0 |      0 | 2017-04-10 12:57:40.91-04  | 2017-04-12 16:07:50.365-04 |                7 |       0 |       0
 2069 | feliz          |     9 |        1 |      0 |      0 |      0 |      0 |      0 |      0 |      0 |      0 |      1 | 2017-04-10 12:57:40.913-04 | 2017-04-12 16:32:18.918-04 |                9 |       0 |       0
 2164 | dourado        |    14 |        2 |      0 |      0 |      0 |      0 |      0 |      1 |      0 |      1 |      0 | 2017-04-10 12:57:40.964-04 | 2017-04-14 11:02:38.871-04 |                7 |       0 |       0
 2184 | contente       |     9 |        1 |      0 |      0 |      0 |      0 |      0 |      0 |      0 |      0 |      1 | 2017-04-10 12:57:40.981-04 | 2017-04-13 11:21:22.51-04  |                9 |       0 |       0
 2194 | ligeiro        |    13 |        2 |      0 |      0 |      0 |      0 |      1 |      0 |      0 |      1 |      0 | 2017-04-10 12:57:40.982-04 | 2017-04-13 12:14:24.84-04  |              6.5 |       0 |       0
 2133 | magro          |     7 |        1 |      0 |      0 |      0 |      0 |      0 |      0 |      1 |      0 |      0 | 2017-04-10 12:57:40.94-04  | 2017-04-14 11:01:12.526-04 |                7 |       0 |       0
 2054 | negro          |     6 |        2 |      1 |      0 |      0 |      0 |      1 |      0 |      0 |      0 |      0 | 2017-04-10 12:57:40.901-04 | 2017-04-13 11:36:25.718-04 |                3 |       0 |       0
 2139 | alegre         |    18 |        2 |      0 |      0 |      0 |      0 |      0 |      0 |      0 |      0 |      2 | 2017-04-10 12:57:40.942-04 | 2017-04-14 11:00:17.205-04 |                9 |       0 |       0
 2221 | famoso         |    14 |        2 |      0 |      0 |      0 |      0 |      0 |      1 |      0 |      1 |      0 | 2017-04-10 12:57:40.988-04 | 2017-04-13 11:37:39.044-04 |                7 |       0 |       0
 2183 | errado         |     3 |        1 |      0 |      0 |      1 |      0 |      0 |      0 |      0 |      0 |      0 | 2017-04-10 12:57:40.981-04 | 2017-04-13 11:38:52.573-04 |                3 |       0 |       0
 2188 | solitário      |     2 |        1 |      0 |      1 |      0 |      0 |      0 |      0 |      0 |      0 |      0 | 2017-04-10 12:57:40.981-04 | 2017-04-13 15:22:05.898-04 |                2 |       0 |       0
 2158 | lindo          |    24 |        3 |      0 |      0 |      0 |      0 |      0 |      0 |      1 |      1 |      1 | 2017-04-10 12:57:40.961-04 | 2017-04-13 15:34:57.077-04 |                8 |       0 |       0
 2089 | impossível     |     3 |        1 |      0 |      0 |      1 |      0 |      0 |      0 |      0 |      0 |      0 | 2017-04-10 12:57:40.921-04 | 2017-04-14 10:54:12.756-04 |                3 |       0 |       0
 2199 | castanho       |    19 |        3 |      0 |      0 |      0 |      0 |      0 |      2 |      1 |      0 |      0 | 2017-04-10 12:57:40.983-04 | 2017-04-13 12:10:04.935-04 | 6.33333333333333 |       0 |       0
 2065 | forte          |    21 |        3 |      0 |      0 |      0 |      0 |      0 |      1 |      1 |      1 |      0 | 2017-04-10 12:57:40.911-04 | 2017-04-13 13:07:50.569-04 |                7 |       0 |       0
 2149 | lento          |    13 |        4 |      0 |      1 |      1 |      2 |      0 |      0 |      0 |      0 |      0 | 2017-04-10 12:57:40.96-04  | 2017-04-13 15:21:49.424-04 |             3.25 |       0 |       0
 2173 | infeliz        |     2 |        1 |      0 |      1 |      0 |      0 |      0 |      0 |      0 |      0 |      0 | 2017-04-10 12:57:40.979-04 | 2017-04-14 10:52:48.102-04 |                2 |       0 |       0
 2109 | fino           |     8 |        1 |      0 |      0 |      0 |      0 |      0 |      0 |      0 |      1 |      0 | 2017-04-10 12:57:40.936-04 | 2017-04-13 14:23:49.248-04 |                8 |       0 |       0
 2038 | bom            |     7 |        1 |      0 |      0 |      0 |      0 |      0 |      0 |      1 |      0 |      0 | 2017-04-10 12:57:40.894-04 | 2017-04-13 14:24:08.976-04 |                7 |       0 |       0
 2174 | sombrio        |     3 |        1 |      0 |      0 |      1 |      0 |      0 |      0 |      0 |      0 |      0 | 2017-04-10 12:57:40.979-04 | 2017-04-13 14:25:30.578-04 |                3 |       0 |       0
 2108 | seco           |     5 |        2 |      1 |      0 |      0 |      1 |      0 |      0 |      0 |      0 |      0 | 2017-04-10 12:57:40.936-04 | 2017-04-13 15:22:08.039-04 |              2.5 |       0 |       0
 2075 | importante     |    15 |        2 |      0 |      0 |      0 |      0 |      0 |      1 |      0 |      0 |      1 | 2017-04-10 12:57:40.916-04 | 2017-04-14 10:54:55.088-04 |              7.5 |       0 |       0
 2198 | falso          |     5 |        2 |      1 |      0 |      0 |      1 |      0 |      0 |      0 |      0 |      0 | 2017-04-10 12:57:40.983-04 | 2017-04-14 11:01:43.049-04 |              2.5 |       0 |       0
 2113 | pálido         |    13 |        4 |      0 |      0 |      3 |      1 |      0 |      0 |      0 |      0 |      0 | 2017-04-10 12:57:40.937-04 | 2017-04-15 08:16:01.591-04 |             3.25 |       0 |       0
 2134 | grave          |     3 |        1 |      0 |      0 |      1 |      0 |      0 |      0 |      0 |      0 |      0 | 2017-04-10 12:57:40.941-04 | 2017-04-17 13:15:01.222-04 |                3 |       0 |       0
 2195 | interessado    |     7 |        1 |      0 |      0 |      0 |      0 |      0 |      0 |      1 |      0 |      0 | 2017-04-10 12:57:40.982-04 | 2017-04-13 11:28:23.083-04 |                7 |       0 |       0
 2247 | vasto          |    19 |        3 |      0 |      0 |      0 |      0 |      1 |      1 |      0 |      1 |      0 | 2017-04-10 12:57:40.998-04 | 2017-04-15 08:17:19.974-04 | 6.33333333333333 |       0 |       0
 2300 | delicioso      |    24 |        3 |      0 |      0 |      0 |      0 |      0 |      0 |      1 |      1 |      1 | 2017-04-10 12:57:41.005-04 | 2017-04-15 08:17:17.356-04 |                8 |       0 |       0
 2280 | excelente      |    36 |        4 |      0 |      0 |      0 |      0 |      0 |      0 |      0 |      0 |      4 | 2017-04-10 12:57:41.002-04 | 2017-04-13 14:17:25.556-04 |                9 |       0 |       0
 2046 | único          |     7 |        1 |      0 |      0 |      0 |      0 |      0 |      0 |      1 |      0 |      0 | 2017-04-10 12:57:40.895-04 | 2017-04-13 11:24:35.87-04  |                7 |       0 |       0
 2214 | furioso        |     3 |        1 |      0 |      0 |      1 |      0 |      0 |      0 |      0 |      0 |      0 | 2017-04-10 12:57:40.987-04 | 2017-04-14 10:56:08.088-04 |                3 |       0 |       0
 2209 | incapaz        |     4 |        2 |      0 |      2 |      0 |      0 |      0 |      0 |      0 |      0 |      0 | 2017-04-10 12:57:40.986-04 | 2017-04-13 14:20:01.359-04 |                2 |       0 |       0
 2229 | irritado       |     4 |        2 |      1 |      0 |      1 |      0 |      0 |      0 |      0 |      0 |      0 | 2017-04-10 12:57:40.99-04  | 2017-04-13 14:30:47.28-04  |                2 |       0 |       0
 2061 | difícil        |     4 |        2 |      1 |      0 |      1 |      0 |      0 |      0 |      0 |      0 |      0 | 2017-04-10 12:57:40.909-04 | 2017-04-14 02:14:07.539-04 |                2 |       0 |       0
 2222 | elegante       |    14 |        2 |      0 |      0 |      0 |      0 |      0 |      1 |      0 |      1 |      0 | 2017-04-10 12:57:40.988-04 | 2017-04-14 10:59:39.01-04  |                7 |       0 |       0
 2091 | largo          |    17 |        2 |      0 |      0 |      0 |      0 |      0 |      0 |      0 |      1 |      1 | 2017-04-10 12:57:40.921-04 | 2017-04-13 13:27:42.846-04 |              8.5 |       0 |       0
 2056 | escuro         |     6 |        2 |      0 |      0 |      2 |      0 |      0 |      0 |      0 |      0 |      0 | 2017-04-10 12:57:40.901-04 | 2017-04-13 14:16:43.12-04  |                3 |       0 |       0
 2252 | confuso        |     2 |        1 |      0 |      1 |      0 |      0 |      0 |      0 |      0 |      0 |      0 | 2017-04-10 12:57:40.998-04 | 2017-04-17 13:08:54.189-04 |                2 |       0 |       0
 2125 | cansado        |     5 |        2 |      1 |      0 |      0 |      1 |      0 |      0 |      0 |      0 |      0 | 2017-04-10 12:57:40.939-04 | 2017-04-14 10:59:24.564-04 |              2.5 |       0 |       0
 2285 | cor-de-rosa    |    19 |        3 |      0 |      0 |      0 |      0 |      0 |      2 |      1 |      0 |      0 | 2017-04-10 12:57:41.003-04 | 2017-04-14 10:59:34.392-04 | 6.33333333333333 |       0 |       0
 2242 | útil           |     7 |        1 |      0 |      0 |      0 |      0 |      0 |      0 |      1 |      0 |      0 | 2017-04-10 12:57:40.997-04 | 2017-04-15 08:04:00.48-04  |                7 |       0 |       0
 2190 | moderno        |    14 |        2 |      0 |      0 |      0 |      0 |      0 |      1 |      0 |      1 |      0 | 2017-04-10 12:57:40.982-04 | 2017-04-15 08:17:10.472-04 |                7 |       0 |       0
 2315 | cruel          |     1 |        1 |      1 |      0 |      0 |      0 |      0 |      0 |      0 |      0 |      0 | 2017-04-10 12:57:41.007-04 | 2017-04-17 13:13:54.674-04 |                1 |       0 |       0
 2212 | absurdo        |    11 |        3 |      0 |      0 |      1 |      2 |      0 |      0 |      0 |      0 |      0 | 2017-04-10 12:57:40.986-04 | 2017-04-17 13:14:21.56-04  | 3.66666666666667 |       0 |       0
 2062 | antigo         |     7 |        1 |      0 |      0 |      0 |      0 |      0 |      0 |      1 |      0 |      0 | 2017-04-10 12:57:40.909-04 | 2017-04-13 12:15:08.173-04 |                7 |       0 |       0
 2186 | fresco         |     7 |        1 |      0 |      0 |      0 |      0 |      0 |      0 |      1 |      0 |      0 | 2017-04-10 12:57:40.981-04 | 2017-04-13 11:26:32.859-04 |                7 |       0 |       0
 2087 | jovem          |     9 |        1 |      0 |      0 |      0 |      0 |      0 |      0 |      0 |      0 |      1 | 2017-04-10 12:57:40.921-04 | 2017-04-13 11:27:00.921-04 |                9 |       0 |       0
 2067 | sério          |     1 |        1 |      1 |      0 |      0 |      0 |      0 |      0 |      0 |      0 |      0 | 2017-04-10 12:57:40.911-04 | 2017-04-13 14:35:23.784-04 |                1 |       0 |       0
 2131 | brilhante      |     8 |        1 |      0 |      0 |      0 |      0 |      0 |      0 |      0 |      1 |      0 | 2017-04-10 12:57:40.94-04  | 2017-04-13 12:19:38.233-04 |                8 |       0 |       0
 2156 | horrível       |     4 |        2 |      0 |      2 |      0 |      0 |      0 |      0 |      0 |      0 |      0 | 2017-04-10 12:57:40.961-04 | 2017-04-13 12:19:32.816-04 |                2 |       0 |       0
 2141 | raro           |     7 |        1 |      0 |      0 |      0 |      0 |      0 |      0 |      1 |      0 |      0 | 2017-04-10 12:57:40.943-04 | 2017-04-13 12:24:37.465-04 |                7 |       0 |       0
 2077 | sentado        |     3 |        1 |      0 |      0 |      1 |      0 |      0 |      0 |      0 |      0 |      0 | 2017-04-10 12:57:40.917-04 | 2017-04-13 14:28:21.698-04 |                3 |       0 |       0
 2395 | fatal          |     5 |        2 |      1 |      0 |      0 |      1 |      0 |      0 |      0 |      0 |      0 | 2017-04-10 12:57:41.017-04 | 2017-04-13 14:22:55.089-04 |              2.5 |       0 |       0
 2348 | culpado        |     4 |        2 |      0 |      2 |      0 |      0 |      0 |      0 |      0 |      0 |      0 | 2017-04-10 12:57:41.011-04 | 2017-04-14 10:58:13.797-04 |                2 |       0 |       0
 2052 | capaz          |     9 |        1 |      0 |      0 |      0 |      0 |      0 |      0 |      0 |      0 |      1 | 2017-04-10 12:57:40.9-04   | 2017-04-13 13:29:49.223-04 |                9 |       0 |       0
 2161 | distante       |     3 |        1 |      0 |      0 |      1 |      0 |      0 |      0 |      0 |      0 |      0 | 2017-04-10 12:57:40.962-04 | 2017-04-13 14:18:24.121-04 |                3 |       0 |       0
 2101 | especial       |    16 |        2 |      0 |      0 |      0 |      0 |      0 |      0 |      1 |      0 |      1 | 2017-04-10 12:57:40.926-04 | 2017-04-13 14:22:15.435-04 |                8 |       0 |       0
 2191 | extraordinário |     9 |        1 |      0 |      0 |      0 |      0 |      0 |      0 |      0 |      0 |      1 | 2017-04-10 12:57:40.982-04 | 2017-04-13 14:29:26.768-04 |                9 |       0 |       0
 2116 | perfeito       |     9 |        1 |      0 |      0 |      0 |      0 |      0 |      0 |      0 |      0 |      1 | 2017-04-10 12:57:40.937-04 | 2017-04-13 14:36:21.237-04 |                9 |       0 |       0
 2146 | nervoso        |     8 |        3 |      0 |      1 |      2 |      0 |      0 |      0 |      0 |      0 |      0 | 2017-04-10 12:57:40.944-04 | 2017-04-17 13:04:54.436-04 | 2.66666666666667 |       0 |       0
 2386 | doloroso       |     6 |        2 |      0 |      0 |      2 |      0 |      0 |      0 |      0 |      0 |      0 | 2017-04-10 12:57:41.016-04 | 2017-04-14 10:59:01.443-04 |                3 |       0 |       0
 2205 | cinzento       |     7 |        2 |      0 |      0 |      1 |      1 |      0 |      0 |      0 |      0 |      0 | 2017-04-10 12:57:40.984-04 | 2017-04-14 11:02:14.268-04 |              3.5 |       0 |       0
 2112 | chamado        |     6 |        2 |      1 |      0 |      0 |      0 |      1 |      0 |      0 |      0 |      0 | 2017-04-10 12:57:40.936-04 | 2017-04-13 13:29:55.656-04 |                3 |       0 |       0
 2063 | bonito         |    18 |        2 |      0 |      0 |      0 |      0 |      0 |      0 |      0 |      0 |      2 | 2017-04-10 12:57:40.91-04  | 2017-04-13 11:33:52.49-04  |                9 |       0 |       0
 2226 | local          |     3 |        1 |      0 |      0 |      1 |      0 |      0 |      0 |      0 |      0 |      0 | 2017-04-10 12:57:40.988-04 | 2017-04-13 14:19:17.608-04 |                3 |       0 |       0
 2182 | simpático      |    13 |        2 |      0 |      0 |      0 |      0 |      1 |      0 |      0 |      1 |      0 | 2017-04-10 12:57:40.981-04 | 2017-04-15 08:16:53.194-04 |              6.5 |       0 |       0
 2321 | farto          |    10 |        3 |      0 |      0 |      2 |      1 |      0 |      0 |      0 |      0 |      0 | 2017-04-10 12:57:41.007-04 | 2017-04-17 13:15:17.54-04  | 3.33333333333333 |       0 |       0
 2083 | terrível       |     5 |        2 |      0 |      1 |      1 |      0 |      0 |      0 |      0 |      0 |      0 | 2017-04-10 12:57:40.92-04  | 2017-04-17 13:15:32.441-04 |              2.5 |       0 |       0
 2102 | rápido         |    15 |        2 |      0 |      0 |      0 |      0 |      0 |      1 |      0 |      0 |      1 | 2017-04-10 12:57:40.928-04 | 2017-04-13 13:01:04.885-04 |              7.5 |       0 |       0
 2088 | preto          |     3 |        1 |      0 |      0 |      1 |      0 |      0 |      0 |      0 |      0 |      0 | 2017-04-10 12:57:40.921-04 | 2017-04-13 15:19:59.677-04 |                3 |       0 |       0
 2272 | moral          |    21 |        3 |      0 |      0 |      0 |      0 |      1 |      0 |      1 |      0 |      1 | 2017-04-10 12:57:41.001-04 | 2017-04-13 13:29:26.139-04 |                7 |       0 |       0
 2389 | urgente        |     5 |        2 |      0 |      1 |      1 |      0 |      0 |      0 |      0 |      0 |      0 | 2017-04-10 12:57:41.016-04 | 2017-04-13 14:18:34.793-04 |              2.5 |       0 |       0
 2147 | má             |     5 |        3 |      2 |      0 |      1 |      0 |      0 |      0 |      0 |      0 |      0 | 2017-04-10 12:57:40.944-04 | 2017-04-13 14:19:39.595-04 | 1.66666666666667 |       0 |       0
 2254 | estúpido       |    11 |        4 |      1 |      0 |      2 |      1 |      0 |      0 |      0 |      0 |      0 | 2017-04-10 12:57:40.999-04 | 2017-04-14 11:02:45.534-04 |             2.75 |       0 |       0
 2058 | mau            |     5 |        3 |      2 |      0 |      1 |      0 |      0 |      0 |      0 |      0 |      0 | 2017-04-10 12:57:40.908-04 | 2017-04-13 15:10:51.478-04 | 1.66666666666667 |       0 |       0
 2068 | belo           |    15 |        2 |      0 |      0 |      0 |      0 |      0 |      1 |      0 |      0 |      1 | 2017-04-10 12:57:40.912-04 | 2017-04-14 10:58:46.324-04 |              7.5 |       0 |       0
 2187 | violento       |     1 |        1 |      1 |      0 |      0 |      0 |      0 |      0 |      0 |      0 |      0 | 2017-04-10 12:57:40.981-04 | 2017-04-15 08:03:24.305-04 |                1 |       0 |       0
 2211 | disposto       |    13 |        2 |      0 |      0 |      0 |      0 |      0 |      1 |      1 |      0 |      0 | 2017-04-10 12:57:40.986-04 | 2017-04-15 08:04:13.556-04 |              6.5 |       0 |       0
 2192 | vulgar         |     4 |        2 |      1 |      0 |      1 |      0 |      0 |      0 |      0 |      0 |      0 | 2017-04-10 12:57:40.982-04 | 2017-04-17 13:12:53.547-04 |                2 |       0 |       0
 2370 | maldito        |     5 |        3 |      2 |      0 |      1 |      0 |      0 |      0 |      0 |      0 |      0 | 2017-04-10 12:57:41.014-04 | 2017-04-28 14:02:58.883-04 | 1.66666666666667 |       0 |       0
 2162 | maravilhoso    |     9 |        1 |      0 |      0 |      0 |      0 |      0 |      0 |      0 |      0 |      1 | 2017-04-10 12:57:40.962-04 | 2017-04-28 14:03:40.753-04 |                9 |       0 |       0
 2299 | desagradável   |     2 |        1 |      0 |      1 |      0 |      0 |      0 |      0 |      0 |      0 |      0 | 2017-04-10 12:57:41.005-04 | 2017-04-13 14:26:22.463-04 |                2 |       0 |       0
 2398 | legal          |    32 |        4 |      0 |      0 |      0 |      0 |      0 |      0 |      2 |      0 |      2 | 2017-04-10 12:57:41.017-04 | 2017-04-14 11:03:37.304-04 |                8 |       0 |       0
 2379 | casado         |     9 |        1 |      0 |      0 |      0 |      0 |      0 |      0 |      0 |      0 |      1 | 2017-04-10 12:57:41.015-04 | 2017-04-17 13:09:02.752-04 |                9 |       0 |       0
 2435 | afastado       |     7 |        2 |      0 |      1 |      0 |      0 |      1 |      0 |      0 |      0 |      0 | 2017-04-10 12:57:41.033-04 | 2017-04-13 13:00:17.719-04 |              3.5 |       0 |       0
 2324 | nobre          |     7 |        1 |      0 |      0 |      0 |      0 |      0 |      0 |      1 |      0 |      0 | 2017-04-10 12:57:41.008-04 | 2017-04-13 11:28:02.132-04 |                7 |       0 |       0
 2307 | generoso       |     8 |        1 |      0 |      0 |      0 |      0 |      0 |      0 |      0 |      1 |      0 | 2017-04-10 12:57:41.006-04 | 2017-04-13 15:34:51.058-04 |                8 |       0 |       0
 2287 | amável         |     8 |        1 |      0 |      0 |      0 |      0 |      0 |      0 |      0 |      1 |      0 | 2017-04-10 12:57:41.003-04 | 2017-04-13 13:27:51.407-04 |                8 |       0 |       0
 2445 | grosseiro      |     7 |        3 |      1 |      1 |      0 |      1 |      0 |      0 |      0 |      0 |      0 | 2017-04-10 12:57:41.035-04 | 2017-04-13 13:00:51.972-04 | 2.33333333333333 |       0 |       0
 2363 | confiante      |     7 |        1 |      0 |      0 |      0 |      0 |      0 |      0 |      1 |      0 |      0 | 2017-04-10 12:57:41.013-04 | 2017-04-13 12:22:59.059-04 |                7 |       0 |       0
 2341 | solene         |    14 |        2 |      0 |      0 |      0 |      0 |      0 |      1 |      0 |      1 |      0 | 2017-04-10 12:57:41.01-04  | 2017-04-15 08:03:34.057-04 |                7 |       0 |       0
 2329 | amoroso        |    17 |        2 |      0 |      0 |      0 |      0 |      0 |      0 |      0 |      1 |      1 | 2017-04-10 12:57:41.008-04 | 2017-04-14 11:05:12.967-04 |              8.5 |       1 |       0
 2365 | zangado        |     1 |        1 |      1 |      0 |      0 |      0 |      0 |      0 |      0 |      0 |      0 | 2017-04-10 12:57:41.013-04 | 2017-04-13 14:17:39.619-04 |                1 |       0 |       0
 2332 | severo         |     8 |        3 |      1 |      0 |      1 |      1 |      0 |      0 |      0 |      0 |      0 | 2017-04-10 12:57:41.009-04 | 2017-04-13 14:22:03.538-04 | 2.66666666666667 |       0 |       0
 2349 | confortável    |     8 |        1 |      0 |      0 |      0 |      0 |      0 |      0 |      0 |      1 |      0 | 2017-04-10 12:57:41.011-04 | 2017-04-13 14:28:31.457-04 |                8 |       0 |       0
 2459 | histórico      |     2 |        1 |      0 |      1 |      0 |      0 |      0 |      0 |      0 |      0 |      0 | 2017-04-10 12:57:41.038-04 | 2017-04-13 14:30:35.59-04  |                2 |       0 |       0
 2309 | atento         |    13 |        2 |      0 |      0 |      0 |      0 |      0 |      1 |      1 |      0 |      0 | 2017-04-10 12:57:41.006-04 | 2017-04-14 11:02:01.624-04 |              6.5 |       0 |       0
 2269 | barato         |     7 |        1 |      0 |      0 |      0 |      0 |      0 |      0 |      1 |      0 |      0 | 2017-04-10 12:57:41.001-04 | 2017-04-17 12:25:50.893-04 |                7 |       0 |       0
 2425 | nítido         |    13 |        2 |      0 |      0 |      0 |      0 |      0 |      1 |      1 |      0 |      0 | 2017-04-10 12:57:41.025-04 | 2017-04-13 14:31:47.562-04 |              6.5 |       0 |       0
 2360 | elevado        |    21 |        3 |      0 |      0 |      0 |      0 |      0 |      1 |      1 |      1 |      0 | 2017-04-10 12:57:41.012-04 | 2017-04-14 11:03:51.281-04 |                7 |       0 |       0
 2374 | incrível       |    18 |        2 |      0 |      0 |      0 |      0 |      0 |      0 |      0 |      0 |      2 | 2017-04-10 12:57:41.014-04 | 2017-04-14 10:53:30.396-04 |                9 |       0 |       0
 2274 | indiferente    |    10 |        3 |      0 |      1 |      0 |      2 |      0 |      0 |      0 |      0 |      0 | 2017-04-10 12:57:41.001-04 | 2017-04-14 10:57:14.525-04 | 3.33333333333333 |       0 |       0
 2304 | mágico         |     9 |        1 |      0 |      0 |      0 |      0 |      0 |      0 |      0 |      0 |      1 | 2017-04-10 12:57:41.005-04 | 2017-04-14 10:58:25.109-04 |                9 |       0 |       0
 2241 | engraçado      |     7 |        1 |      0 |      0 |      0 |      0 |      0 |      0 |      1 |      0 |      0 | 2017-04-10 12:57:40.997-04 | 2017-04-14 11:01:30.837-04 |                7 |       0 |       0
 2302 | assustado      |     8 |        3 |      0 |      1 |      2 |      0 |      0 |      0 |      0 |      0 |      0 | 2017-04-10 12:57:41.005-04 | 2017-04-17 13:06:04.303-04 | 2.66666666666667 |       0 |       0
 2350 | banal          |     3 |        1 |      0 |      0 |      1 |      0 |      0 |      0 |      0 |      0 |      0 | 2017-04-10 12:57:41.011-04 | 2017-04-12 14:39:46.566-04 |                3 |       0 |       0
 2424 | responsável    |     8 |        1 |      0 |      0 |      0 |      0 |      0 |      0 |      0 |      1 |      0 | 2017-04-10 12:57:41.024-04 | 2017-04-12 14:40:00.178-04 |                8 |       0 |       0
 2364 | aflito         |     5 |        2 |      0 |      1 |      1 |      0 |      0 |      0 |      0 |      0 |      0 | 2017-04-10 12:57:41.013-04 | 2017-04-13 11:33:02.937-04 |              2.5 |       0 |       0
 2323 | oculto         |     3 |        1 |      0 |      0 |      1 |      0 |      0 |      0 |      0 |      0 |      0 | 2017-04-10 12:57:41.008-04 | 2017-04-13 12:15:50.759-04 |                3 |       0 |       0
 2255 | perigoso       |    11 |        4 |      1 |      1 |      0 |      2 |      0 |      0 |      0 |      0 |      0 | 2017-04-10 12:57:40.999-04 | 2017-04-14 11:01:27.809-04 |             2.75 |       0 |       0
 2298 | divertido      |     8 |        1 |      0 |      0 |      0 |      0 |      0 |      0 |      0 |      1 |      0 | 2017-04-10 12:57:41.004-04 | 2017-04-13 12:59:37.9-04   |                8 |       0 |       0
 2245 | determinado    |    17 |        2 |      0 |      0 |      0 |      0 |      0 |      0 |      0 |      1 |      1 | 2017-04-10 12:57:40.997-04 | 2017-04-13 12:14:59.143-04 |              8.5 |       0 |       0
 2482 | ilustre        |     8 |        1 |      0 |      0 |      0 |      0 |      0 |      0 |      0 |      1 |      0 | 2017-04-10 12:57:41.041-04 | 2017-04-14 11:01:15.382-04 |                8 |       0 |       0
 2308 | encantador     |     7 |        1 |      0 |      0 |      0 |      0 |      0 |      0 |      1 |      0 |      0 | 2017-04-10 12:57:41.006-04 | 2017-04-13 12:19:53.541-04 |                7 |       0 |       0
 2507 | piedoso        |     7 |        1 |      0 |      0 |      0 |      0 |      0 |      0 |      1 |      0 |      0 | 2017-04-10 12:57:41.045-04 | 2017-04-14 02:17:37.702-04 |                7 |       0 |       0
 2502 | abatido        |     2 |        1 |      0 |      1 |      0 |      0 |      0 |      0 |      0 |      0 |      0 | 2017-04-10 12:57:41.044-04 | 2017-04-13 14:24:24.148-04 |                2 |       0 |       0
 2522 | saudável       |     7 |        1 |      0 |      0 |      0 |      0 |      0 |      0 |      1 |      0 |      0 | 2017-04-10 12:57:41.048-04 | 2017-04-14 11:03:30.477-04 |                7 |       0 |       0
 2487 | apaixonado     |    38 |        5 |      0 |      0 |      0 |      0 |      0 |      1 |      2 |      0 |      2 | 2017-04-10 12:57:41.042-04 | 2017-04-14 02:17:26.013-04 |              7.6 |       0 |       0
 2596 | perturbador    |     5 |        2 |      1 |      0 |      0 |      1 |      0 |      0 |      0 |      0 |      0 | 2017-04-10 12:57:41.061-04 | 2017-04-14 10:56:19.121-04 |              2.5 |       0 |       0
 2415 | tremendo       |    13 |        2 |      0 |      0 |      0 |      0 |      1 |      0 |      0 |      1 |      0 | 2017-04-10 12:57:41.02-04  | 2017-04-14 11:01:19.279-04 |              6.5 |       0 |       0
 2420 | desconfiado    |     6 |        2 |      0 |      0 |      2 |      0 |      0 |      0 |      0 |      0 |      0 | 2017-04-10 12:57:41.02-04  | 2017-04-15 08:03:15.636-04 |                3 |       0 |       0
 2412 | atrasado       |     1 |        1 |      1 |      0 |      0 |      0 |      0 |      0 |      0 |      0 |      0 | 2017-04-10 12:57:41.019-04 | 2017-04-13 11:26:29.342-04 |                1 |       0 |       0
 2402 | ausente        |     7 |        2 |      0 |      0 |      1 |      1 |      0 |      0 |      0 |      0 |      0 | 2017-04-10 12:57:41.018-04 | 2017-04-14 11:03:45.293-04 |              3.5 |       0 |       0
 2429 | essencial      |     9 |        1 |      0 |      0 |      0 |      0 |      0 |      0 |      0 |      0 |      1 | 2017-04-10 12:57:41.025-04 | 2017-04-13 11:33:59.036-04 |                9 |       0 |       0
 2465 | europeu        |     7 |        1 |      0 |      0 |      0 |      0 |      0 |      0 |      1 |      0 |      0 | 2017-04-10 12:57:41.039-04 | 2017-04-13 11:27:37.199-04 |                7 |       0 |       0
 2407 | melancólico    |     3 |        1 |      0 |      0 |      1 |      0 |      0 |      0 |      0 |      0 |      0 | 2017-04-10 12:57:41.019-04 | 2017-04-13 11:28:36.945-04 |                3 |       0 |       0
 2484 | gentil         |    15 |        2 |      0 |      0 |      0 |      0 |      0 |      0 |      1 |      1 |      0 | 2017-04-10 12:57:41.042-04 | 2017-04-15 08:05:04.354-04 |              7.5 |       0 |       0
 2593 | sorridente     |     8 |        1 |      0 |      0 |      0 |      0 |      0 |      0 |      0 |      1 |      0 | 2017-04-10 12:57:41.06-04  | 2017-04-28 14:03:08.28-04  |                8 |       0 |       0
 2394 | querido        |    16 |        2 |      0 |      0 |      0 |      0 |      0 |      0 |      1 |      0 |      1 | 2017-04-10 12:57:41.017-04 | 2017-04-13 12:22:09.418-04 |                8 |       0 |       0
 2498 | extremo        |     3 |        1 |      0 |      0 |      1 |      0 |      0 |      0 |      0 |      0 |      0 | 2017-04-10 12:57:41.044-04 | 2017-04-13 13:00:39.474-04 |                3 |       0 |       0
 2557 | enganado       |     7 |        1 |      0 |      0 |      0 |      0 |      0 |      0 |      1 |      0 |      0 | 2017-04-10 12:57:41.054-04 | 2017-04-13 13:29:12.882-04 |                7 |       0 |       0
 2458 | indignado      |     3 |        2 |      1 |      1 |      0 |      0 |      0 |      0 |      0 |      0 |      0 | 2017-04-10 12:57:41.037-04 | 2017-04-13 13:29:46.472-04 |              1.5 |       0 |       0
 2533 | fascinado      |    14 |        2 |      0 |      0 |      0 |      0 |      1 |      0 |      0 |      0 |      1 | 2017-04-10 12:57:41.05-04  | 2017-04-13 15:21:05.335-04 |                7 |       0 |       0
 2528 | lustroso       |    14 |        2 |      0 |      0 |      0 |      0 |      0 |      1 |      0 |      1 |      0 | 2017-04-10 12:57:41.049-04 | 2017-04-13 14:17:10.968-04 |                7 |       0 |       0
 2460 | gracioso       |    14 |        2 |      0 |      0 |      0 |      0 |      0 |      0 |      2 |      0 |      0 | 2017-04-10 12:57:41.038-04 | 2017-04-14 02:14:03.762-04 |                7 |       0 |       0
 2448 | admirável      |     9 |        1 |      0 |      0 |      0 |      0 |      0 |      0 |      0 |      0 |      1 | 2017-04-10 12:57:41.035-04 | 2017-04-13 14:31:03.657-04 |                9 |       0 |       0
 2514 | fiel           |    32 |        4 |      0 |      0 |      0 |      0 |      0 |      1 |      0 |      1 |      2 | 2017-04-10 12:57:41.046-04 | 2017-04-13 15:11:11.797-04 |                8 |       0 |       0
 2468 | atraente       |    15 |        2 |      0 |      0 |      0 |      0 |      0 |      0 |      1 |      1 |      0 | 2017-04-10 12:57:41.04-04  | 2017-04-15 08:17:32.743-04 |              7.5 |       0 |       0
 2504 | valioso        |    21 |        3 |      0 |      0 |      0 |      0 |      0 |      1 |      1 |      1 |      0 | 2017-04-10 12:57:41.045-04 | 2017-04-14 10:53:08.628-04 |                7 |       0 |       0
 2537 | distraído      |     3 |        1 |      0 |      0 |      1 |      0 |      0 |      0 |      0 |      0 |      0 | 2017-04-10 12:57:41.05-04  | 2017-04-17 13:05:00.958-04 |                3 |       0 |       0
 2483 | hesitante      |     7 |        2 |      0 |      0 |      1 |      1 |      0 |      0 |      0 |      0 |      0 | 2017-04-10 12:57:41.042-04 | 2017-04-14 10:56:59.358-04 |              3.5 |       0 |       0
 2493 | perturbado     |     5 |        2 |      0 |      1 |      1 |      0 |      0 |      0 |      0 |      0 |      0 | 2017-04-10 12:57:41.043-04 | 2017-04-28 14:03:36.643-04 |              2.5 |       0 |       0
 2611 | bizarro        |     3 |        1 |      0 |      0 |      1 |      0 |      0 |      0 |      0 |      0 |      0 | 2017-04-10 12:57:41.064-04 | 2017-04-13 12:24:03.829-04 |                3 |       0 |       0
 2466 | deprimido      |     2 |        1 |      0 |      1 |      0 |      0 |      0 |      0 |      0 |      0 |      0 | 2017-04-10 12:57:41.039-04 | 2017-04-17 13:06:16.385-04 |                2 |       0 |       0
 2442 | remoto         |     7 |        1 |      0 |      0 |      0 |      0 |      0 |      0 |      1 |      0 |      0 | 2017-04-10 12:57:41.034-04 | 2017-04-13 11:27:07.065-04 |                7 |       0 |       0
 2751 | positivo       |     9 |        1 |      0 |      0 |      0 |      0 |      0 |      0 |      0 |      0 |      1 | 2017-04-10 12:57:41.088-04 | 2017-04-13 11:31:47.486-04 |                9 |       0 |       0
 2620 | heróico        |     7 |        1 |      0 |      0 |      0 |      0 |      0 |      0 |      1 |      0 |      0 | 2017-04-10 12:57:41.065-04 | 2017-04-13 12:11:37.723-04 |                7 |       0 |       0
 2577 | tonto          |     3 |        1 |      0 |      0 |      1 |      0 |      0 |      0 |      0 |      0 |      0 | 2017-04-10 12:57:41.057-04 | 2017-04-13 14:25:42.075-04 |                3 |       0 |       0
 2510 | incerto        |     3 |        1 |      0 |      0 |      1 |      0 |      0 |      0 |      0 |      0 |      0 | 2017-04-10 12:57:41.046-04 | 2017-04-13 11:33:21.738-04 |                3 |       0 |       0
 2690 | leal           |    25 |        3 |      0 |      0 |      0 |      0 |      0 |      0 |      0 |      2 |      1 | 2017-04-10 12:57:41.077-04 | 2017-04-17 13:07:57.84-04  | 8.33333333333333 |       0 |       0
 2413 | assustador     |     2 |        2 |      2 |      0 |      0 |      0 |      0 |      0 |      0 |      0 |      0 | 2017-04-10 12:57:41.019-04 | 2017-04-17 13:05:16.453-04 |                1 |       0 |       0
 2408 | envergonhado   |     3 |        1 |      0 |      0 |      1 |      0 |      0 |      0 |      0 |      0 |      0 | 2017-04-10 12:57:41.019-04 | 2017-04-13 12:12:04.275-04 |                3 |       0 |       0
 2446 | dramático      |    11 |        3 |      0 |      0 |      1 |      2 |      0 |      0 |      0 |      0 |      0 | 2017-04-10 12:57:41.035-04 | 2017-04-14 10:51:23.148-04 | 3.66666666666667 |       0 |       0
 2515 | excitante      |     7 |        1 |      0 |      0 |      0 |      0 |      0 |      0 |      1 |      0 |      0 | 2017-04-10 12:57:41.047-04 | 2017-04-13 12:22:26.494-04 |                7 |       0 |       0
 2635 | respeitável    |     7 |        1 |      0 |      0 |      0 |      0 |      0 |      0 |      1 |      0 |      0 | 2017-04-10 12:57:41.068-04 | 2017-04-17 13:13:00.909-04 |                7 |       0 |       0
 2495 | limpo          |     9 |        1 |      0 |      0 |      0 |      0 |      0 |      0 |      0 |      0 |      1 | 2017-04-10 12:57:41.043-04 | 2017-04-13 13:29:28.445-04 |                9 |       0 |       0
 2700 | disperso       |    19 |        5 |      0 |      1 |      1 |      1 |      2 |      0 |      0 |      0 |      0 | 2017-04-10 12:57:41.079-04 | 2017-04-13 14:18:07.304-04 |              3.8 |       0 |       0
 2730 | duvidoso       |     2 |        1 |      0 |      1 |      0 |      0 |      0 |      0 |      0 |      0 |      0 | 2017-04-10 12:57:41.084-04 | 2017-04-14 10:58:18.992-04 |                2 |       0 |       0
 2529 | isolado        |     9 |        3 |      1 |      0 |      0 |      2 |      0 |      0 |      0 |      0 |      0 | 2017-04-10 12:57:41.049-04 | 2017-04-13 14:29:22.129-04 |                3 |       0 |       0
 2655 | rude           |     1 |        1 |      1 |      0 |      0 |      0 |      0 |      0 |      0 |      0 |      0 | 2017-04-10 12:57:41.071-04 | 2017-04-13 14:29:50.947-04 |                1 |       0 |       0
 2418 | miserável      |     4 |        3 |      2 |      1 |      0 |      0 |      0 |      0 |      0 |      0 |      0 | 2017-04-10 12:57:41.02-04  | 2017-04-13 14:29:55.575-04 | 1.33333333333333 |       0 |       0
 2432 | bêbado         |     3 |        2 |      1 |      1 |      0 |      0 |      0 |      0 |      0 |      0 |      0 | 2017-04-10 12:57:41.032-04 | 2017-04-14 10:53:17.078-04 |              1.5 |       0 |       0
 2660 | murcho         |     3 |        1 |      0 |      0 |      1 |      0 |      0 |      0 |      0 |      0 |      0 | 2017-04-10 12:57:41.072-04 | 2017-04-14 11:03:48.25-04  |                3 |       0 |       0
 2572 | conveniente    |    15 |        2 |      0 |      0 |      0 |      0 |      0 |      0 |      1 |      1 |      0 | 2017-04-10 12:57:41.056-04 | 2017-04-14 14:50:48.617-04 |              7.5 |       0 |       0
 2601 | lúgubre        |     7 |        2 |      0 |      1 |      0 |      0 |      1 |      0 |      0 |      0 |      0 | 2017-04-10 12:57:41.062-04 | 2017-04-17 13:06:29.029-04 |              3.5 |       0 |       0
 2662 | longínquo      |     2 |        1 |      0 |      1 |      0 |      0 |      0 |      0 |      0 |      0 |      0 | 2017-04-10 12:57:41.072-04 | 2017-04-12 16:08:04.991-04 |                2 |       0 |       0
 2419 | irritante      |     2 |        1 |      0 |      1 |      0 |      0 |      0 |      0 |      0 |      0 |      0 | 2017-04-10 12:57:41.02-04  | 2017-04-12 16:31:58.472-04 |                2 |       0 |       0
 2506 | risonho        |    20 |        3 |      0 |      0 |      0 |      0 |      0 |      1 |      2 |      0 |      0 | 2017-04-10 12:57:41.045-04 | 2017-04-14 11:03:13.478-04 | 6.66666666666667 |       0 |       0
 2447 | decente        |    23 |        3 |      0 |      0 |      0 |      0 |      0 |      0 |      2 |      0 |      1 | 2017-04-10 12:57:41.035-04 | 2017-04-13 15:21:09.734-04 | 7.66666666666667 |       0 |       0
 2414 | artístico      |     8 |        1 |      0 |      0 |      0 |      0 |      0 |      0 |      0 |      1 |      0 | 2017-04-10 12:57:41.02-04  | 2017-04-13 11:26:21.642-04 |                8 |       0 |       0
 2608 | devoto         |     3 |        1 |      0 |      0 |      1 |      0 |      0 |      0 |      0 |      0 |      0 | 2017-04-10 12:57:41.063-04 | 2017-04-13 11:27:48.748-04 |                3 |       0 |       0
 2617 | injusto        |     7 |        2 |      0 |      0 |      1 |      1 |      0 |      0 |      0 |      0 |      0 | 2017-04-10 12:57:41.065-04 | 2017-04-14 11:03:05.277-04 |              3.5 |       0 |       0
 2443 | insuportável   |     1 |        1 |      1 |      0 |      0 |      0 |      0 |      0 |      0 |      0 |      0 | 2017-04-10 12:57:41.034-04 | 2017-04-13 12:09:31.418-04 |                1 |       0 |       0
 2722 | infernal       |     1 |        1 |      1 |      0 |      0 |      0 |      0 |      0 |      0 |      0 |      0 | 2017-04-10 12:57:41.083-04 | 2017-04-13 14:27:31.183-04 |                1 |       0 |       0
 2401 | chato          |     2 |        1 |      0 |      1 |      0 |      0 |      0 |      0 |      0 |      0 |      0 | 2017-04-10 12:57:41.018-04 | 2017-04-13 12:11:16.541-04 |                2 |       0 |       0
 2511 | idêntico       |     7 |        1 |      0 |      0 |      0 |      0 |      0 |      0 |      1 |      0 |      0 | 2017-04-10 12:57:41.046-04 | 2017-04-13 12:16:24.491-04 |                7 |       0 |       0
 2652 | sonoro         |    14 |        2 |      0 |      0 |      0 |      0 |      0 |      0 |      2 |      0 |      0 | 2017-04-10 12:57:41.071-04 | 2017-04-13 12:19:42.814-04 |                7 |       0 |       0
 2682 | sórdido        |     1 |        1 |      1 |      0 |      0 |      0 |      0 |      0 |      0 |      0 |      0 | 2017-04-10 12:57:41.076-04 | 2017-04-14 10:53:47.072-04 |                1 |       0 |       0
 2622 | débil          |     3 |        1 |      0 |      0 |      1 |      0 |      0 |      0 |      0 |      0 |      0 | 2017-04-10 12:57:41.066-04 | 2017-04-13 13:02:26.835-04 |                3 |       0 |       0
 2462 | supremo        |     7 |        1 |      0 |      0 |      0 |      0 |      0 |      0 |      1 |      0 |      0 | 2017-04-10 12:57:41.038-04 | 2017-04-14 10:58:22.552-04 |                7 |       0 |       0
 2569 | legítimo       |    20 |        3 |      0 |      0 |      0 |      0 |      1 |      0 |      1 |      1 |      0 | 2017-04-10 12:57:41.056-04 | 2017-04-13 13:29:23.65-04  | 6.66666666666667 |       0 |       0
 2574 | chocado        |     4 |        2 |      1 |      0 |      1 |      0 |      0 |      0 |      0 |      0 |      0 | 2017-04-10 12:57:41.057-04 | 2017-04-13 14:22:40.595-04 |                2 |       0 |       0
 2594 | radical        |     5 |        2 |      0 |      1 |      1 |      0 |      0 |      0 |      0 |      0 |      0 | 2017-04-10 12:57:41.06-04  | 2017-04-17 13:14:47.642-04 |              2.5 |       0 |       0
 2428 | fantástico     |     9 |        1 |      0 |      0 |      0 |      0 |      0 |      0 |      0 |      0 |      1 | 2017-04-10 12:57:41.025-04 | 2017-04-14 10:56:47.947-04 |                9 |       0 |       0
 2467 | brasileiro     |     8 |        1 |      0 |      0 |      0 |      0 |      0 |      0 |      0 |      1 |      0 | 2017-04-10 12:57:41.04-04  | 2017-04-14 10:58:39.186-04 |                8 |       0 |       0
 2628 | ameaçador      |     8 |        4 |      1 |      2 |      1 |      0 |      0 |      0 |      0 |      0 |      0 | 2017-04-10 12:57:41.067-04 | 2017-04-13 13:13:10.776-04 |                2 |       0 |       0
 2694 | frouxo         |     3 |        1 |      0 |      0 |      1 |      0 |      0 |      0 |      0 |      0 |      0 | 2017-04-10 12:57:41.078-04 | 2017-04-13 14:17:49.357-04 |                3 |       0 |       0
 2713 | receoso        |    10 |        3 |      0 |      1 |      0 |      2 |      0 |      0 |      0 |      0 |      0 | 2017-04-10 12:57:41.081-04 | 2017-04-13 15:19:48.347-04 | 3.33333333333333 |       0 |       0
 2624 | corajoso       |     8 |        1 |      0 |      0 |      0 |      0 |      0 |      0 |      0 |      1 |      0 | 2017-04-10 12:57:41.066-04 | 2017-04-13 12:20:34.853-04 |                8 |       0 |       0
 2718 | meigo          |    23 |        3 |      0 |      0 |      0 |      0 |      0 |      0 |      2 |      0 |      1 | 2017-04-10 12:57:41.082-04 | 2017-04-15 08:16:45.404-04 | 7.66666666666667 |       0 |       0
 2585 | horrorizado    |     2 |        1 |      0 |      1 |      0 |      0 |      0 |      0 |      0 |      0 |      0 | 2017-04-10 12:57:41.059-04 | 2017-04-13 12:24:59.817-04 |                2 |       0 |       0
 2693 | horroroso      |     2 |        1 |      0 |      1 |      0 |      0 |      0 |      0 |      0 |      0 |      0 | 2017-04-10 12:57:41.078-04 | 2017-04-13 12:15:58.623-04 |                2 |       0 |       0
 2614 | trágico        |     4 |        2 |      1 |      0 |      1 |      0 |      0 |      0 |      0 |      0 |      0 | 2017-04-10 12:57:41.064-04 | 2017-04-14 11:03:54.176-04 |                2 |       0 |       0
 2653 | significativo  |    15 |        2 |      0 |      0 |      0 |      0 |      0 |      0 |      1 |      1 |      0 | 2017-04-10 12:57:41.071-04 | 2017-04-13 12:20:18.683-04 |              7.5 |       0 |       0
 2749 | propício       |    13 |        2 |      0 |      0 |      0 |      0 |      0 |      1 |      1 |      0 |      0 | 2017-04-10 12:57:41.088-04 | 2017-04-14 11:01:58.852-04 |              6.5 |       0 |       0
 2634 | sarcástico     |     5 |        2 |      1 |      0 |      0 |      1 |      0 |      0 |      0 |      0 |      0 | 2017-04-10 12:57:41.068-04 | 2017-04-14 10:56:55.939-04 |              2.5 |       0 |       0
 2659 | podre          |    10 |        5 |      1 |      3 |      1 |      0 |      0 |      0 |      0 |      0 |      0 | 2017-04-10 12:57:41.072-04 | 2017-04-13 14:31:11.476-04 |                2 |       0 |       0
 2688 | mesquinho      |     2 |        2 |      2 |      0 |      0 |      0 |      0 |      0 |      0 |      0 |      0 | 2017-04-10 12:57:41.077-04 | 2017-04-13 13:29:40.123-04 |                1 |       0 |       0
 2679 | agressivo      |     2 |        1 |      0 |      1 |      0 |      0 |      0 |      0 |      0 |      0 |      0 | 2017-04-10 12:57:41.075-04 | 2017-04-13 14:23:44.221-04 |                2 |       0 |       0
 2530 | inchado        |     3 |        1 |      0 |      0 |      1 |      0 |      0 |      0 |      0 |      0 |      0 | 2017-04-10 12:57:41.049-04 | 2017-04-13 14:24:27.998-04 |                3 |       0 |       0
 2609 | constrangido   |     5 |        2 |      1 |      0 |      0 |      1 |      0 |      0 |      0 |      0 |      0 | 2017-04-10 12:57:41.063-04 | 2017-04-13 14:30:39.838-04 |              2.5 |       0 |       0
 2570 | idiota         |     2 |        1 |      0 |      1 |      0 |      0 |      0 |      0 |      0 |      0 |      0 | 2017-04-10 12:57:41.056-04 | 2017-04-14 02:14:09.192-04 |                2 |       0 |       0
 2535 | escasso        |     6 |        2 |      0 |      1 |      0 |      1 |      0 |      0 |      0 |      0 |      0 | 2017-04-10 12:57:41.05-04  | 2017-04-17 13:14:11.774-04 |                3 |       0 |       0
 2604 | impressionado  |     8 |        1 |      0 |      0 |      0 |      0 |      0 |      0 |      0 |      1 |      0 | 2017-04-10 12:57:41.062-04 | 2017-04-14 02:17:55.624-04 |                8 |       0 |       0
 2723 | indispensável  |    13 |        2 |      0 |      0 |      0 |      1 |      0 |      0 |      0 |      0 |      1 | 2017-04-10 12:57:41.083-04 | 2017-04-14 10:52:24.372-04 |              6.5 |       0 |       0
 2644 | insensível     |     9 |        3 |      0 |      0 |      3 |      0 |      0 |      0 |      0 |      0 |      0 | 2017-04-10 12:57:41.069-04 | 2017-04-28 14:02:51.331-04 |                3 |       0 |       0
 2792 | inexplicável   |     2 |        1 |      0 |      1 |      0 |      0 |      0 |      0 |      0 |      0 |      0 | 2017-04-10 12:57:41.097-04 | 2017-04-13 14:23:58.728-04 |                2 |       0 |       0
 2930 | inacessível    |     3 |        1 |      0 |      0 |      1 |      0 |      0 |      0 |      0 |      0 |      0 | 2017-04-10 12:57:41.134-04 | 2017-04-13 15:20:46.475-04 |                3 |       0 |       0
 2758 | musical        |     9 |        1 |      0 |      0 |      0 |      0 |      0 |      0 |      0 |      0 |      1 | 2017-04-10 12:57:41.089-04 | 2017-04-12 16:04:11.14-04  |                9 |       0 |       0
 2862 | acabado        |     7 |        1 |      0 |      0 |      0 |      0 |      0 |      0 |      1 |      0 |      0 | 2017-04-10 12:57:41.119-04 | 2017-04-12 16:05:43.569-04 |                7 |       0 |       0
 2852 | casto          |     3 |        1 |      0 |      0 |      1 |      0 |      0 |      0 |      0 |      0 |      0 | 2017-04-10 12:57:41.117-04 | 2017-04-13 12:59:02.306-04 |                3 |       0 |       0
 2802 | diplomático    |    15 |        2 |      0 |      0 |      0 |      0 |      0 |      0 |      1 |      1 |      0 | 2017-04-10 12:57:41.099-04 | 2017-04-13 14:30:31.325-04 |              7.5 |       0 |       0
 2729 | egoísta        |     1 |        1 |      1 |      0 |      0 |      0 |      0 |      0 |      0 |      0 |      0 | 2017-04-10 12:57:41.084-04 | 2017-04-13 11:25:04.132-04 |                1 |       0 |       0
 2773 | brutal         |     2 |        1 |      0 |      1 |      0 |      0 |      0 |      0 |      0 |      0 |      0 | 2017-04-10 12:57:41.092-04 | 2017-04-13 11:25:51.276-04 |                2 |       0 |       0
 2912 | venenoso       |     4 |        2 |      0 |      2 |      0 |      0 |      0 |      0 |      0 |      0 |      0 | 2017-04-10 12:57:41.132-04 | 2017-04-14 14:50:40.06-04  |                2 |       0 |       0
 2616 | irónico        |     3 |        1 |      0 |      0 |      1 |      0 |      0 |      0 |      0 |      0 |      0 | 2017-04-10 12:57:41.065-04 | 2017-04-13 11:32:52.199-04 |                3 |       0 |       0
 2812 | apagado        |     3 |        1 |      0 |      0 |      1 |      0 |      0 |      0 |      0 |      0 |      0 | 2017-04-10 12:57:41.101-04 | 2017-04-13 12:21:32.914-04 |                3 |       0 |       0
 2646 | fatigado       |     5 |        2 |      0 |      1 |      1 |      0 |      0 |      0 |      0 |      0 |      0 | 2017-04-10 12:57:41.07-04  | 2017-04-15 08:04:43.242-04 |              2.5 |       0 |       0
 2902 | criminoso      |     1 |        1 |      1 |      0 |      0 |      0 |      0 |      0 |      0 |      0 |      0 | 2017-04-10 12:57:41.131-04 | 2017-04-14 11:01:02.478-04 |                1 |       0 |       0
 2699 | económico      |    15 |        2 |      0 |      0 |      0 |      0 |      0 |      0 |      1 |      1 |      0 | 2017-04-10 12:57:41.079-04 | 2017-04-13 14:29:46.888-04 |              7.5 |       0 |       0
 2873 | precário       |     2 |        1 |      0 |      1 |      0 |      0 |      0 |      0 |      0 |      0 |      0 | 2017-04-10 12:57:41.121-04 | 2017-04-13 12:20:03.319-04 |                2 |       0 |       0
 2842 | festivo        |    22 |        3 |      0 |      0 |      0 |      0 |      0 |      0 |      2 |      1 |      0 | 2017-04-10 12:57:41.116-04 | 2017-04-13 12:22:00.229-04 | 7.33333333333333 |       0 |       0
 2897 | embriagado     |     6 |        2 |      0 |      0 |      2 |      0 |      0 |      0 |      0 |      0 |      0 | 2017-04-10 12:57:41.125-04 | 2017-04-13 12:23:24.933-04 |                3 |       0 |       0
 2888 | genuíno        |    13 |        2 |      0 |      0 |      0 |      0 |      0 |      1 |      1 |      0 |      0 | 2017-04-10 12:57:41.123-04 | 2017-04-15 08:04:39.91-04  |              6.5 |       0 |       0
 2797 | febril         |     3 |        1 |      0 |      0 |      1 |      0 |      0 |      0 |      0 |      0 |      0 | 2017-04-10 12:57:41.098-04 | 2017-04-14 10:53:33.669-04 |                3 |       0 |       0
 2822 | rasgado        |     7 |        2 |      0 |      0 |      1 |      1 |      0 |      0 |      0 |      0 |      0 | 2017-04-10 12:57:41.103-04 | 2017-04-14 10:54:15.56-04  |              3.5 |       0 |       0
 2768 | enrugado       |     7 |        2 |      0 |      0 |      1 |      1 |      0 |      0 |      0 |      0 |      0 | 2017-04-10 12:57:41.091-04 | 2017-04-15 08:03:51.836-04 |              3.5 |       0 |       0
 2750 | postiço        |    10 |        3 |      0 |      0 |      2 |      1 |      0 |      0 |      0 |      0 |      0 | 2017-04-10 12:57:41.088-04 | 2017-04-17 13:04:24.87-04  | 3.33333333333333 |       0 |       0
 2827 | mórbido        |    11 |        4 |      0 |      2 |      1 |      1 |      0 |      0 |      0 |      0 |      0 | 2017-04-10 12:57:41.113-04 | 2017-04-17 13:14:24.694-04 |             2.75 |       0 |       0
 2776 | animal         |     8 |        1 |      0 |      0 |      0 |      0 |      0 |      0 |      0 |      1 |      0 | 2017-04-10 12:57:41.093-04 | 2017-04-14 11:00:14.318-04 |                8 |       0 |       0
 2799 | eletrônico     |     8 |        1 |      0 |      0 |      0 |      0 |      0 |      0 |      0 |      1 |      0 | 2017-04-10 12:57:41.099-04 | 2017-04-13 11:26:25.119-04 |                8 |       0 |       0
 2747 | respeitoso     |     8 |        1 |      0 |      0 |      0 |      0 |      0 |      0 |      0 |      1 |      0 | 2017-04-10 12:57:41.087-04 | 2017-04-13 11:34:06.713-04 |                8 |       0 |       0
 2859 | angustiado     |     3 |        1 |      0 |      0 |      1 |      0 |      0 |      0 |      0 |      0 |      0 | 2017-04-10 12:57:41.118-04 | 2017-04-13 11:36:23.915-04 |                3 |       0 |       0
 2844 | esquecido      |     3 |        1 |      0 |      0 |      1 |      0 |      0 |      0 |      0 |      0 |      0 | 2017-04-10 12:57:41.116-04 | 2017-04-13 12:20:05.674-04 |                3 |       0 |       0
 2753 | pavoroso       |     7 |        2 |      0 |      1 |      0 |      0 |      1 |      0 |      0 |      0 |      0 | 2017-04-10 12:57:41.088-04 | 2017-04-13 12:23:05.484-04 |              3.5 |       0 |       0
 2932 | imundo         |     4 |        2 |      0 |      2 |      0 |      0 |      0 |      0 |      0 |      0 |      0 | 2017-04-10 12:57:41.134-04 | 2017-04-13 12:25:11.236-04 |                2 |       0 |       0
 2854 | barulhento     |     3 |        1 |      0 |      0 |      1 |      0 |      0 |      0 |      0 |      0 |      0 | 2017-04-10 12:57:41.118-04 | 2017-04-15 08:16:48.24-04  |                3 |       0 |       0
 2706 | ágil           |     8 |        1 |      0 |      0 |      0 |      0 |      0 |      0 |      0 |      1 |      0 | 2017-04-10 12:57:41.08-04  | 2017-04-13 14:23:17.889-04 |                8 |       0 |       0
 2922 | resplandecente |    24 |        3 |      0 |      0 |      0 |      0 |      0 |      0 |      1 |      1 |      1 | 2017-04-10 12:57:41.133-04 | 2017-04-14 11:00:30.931-04 |                8 |       0 |       0
 2765 | exclusivo      |     9 |        1 |      0 |      0 |      0 |      0 |      0 |      0 |      0 |      0 |      1 | 2017-04-10 12:57:41.09-04  | 2017-04-13 13:27:02.886-04 |                9 |       0 |       0
 2942 | encharcado     |     2 |        1 |      0 |      1 |      0 |      0 |      0 |      0 |      0 |      0 |      0 | 2017-04-10 12:57:41.136-04 | 2017-04-13 14:22:33.63-04  |                2 |       0 |       0
 2870 | rebelde        |     9 |        3 |      1 |      0 |      0 |      2 |      0 |      0 |      0 |      0 |      0 | 2017-04-10 12:57:41.12-04  | 2017-04-13 14:28:45.854-04 |                3 |       0 |       0
 2785 | preferido      |    13 |        2 |      0 |      0 |      0 |      0 |      0 |      1 |      1 |      0 |      0 | 2017-04-10 12:57:41.096-04 | 2017-04-17 13:12:43.649-04 |              6.5 |       0 |       0
 2885 | independente   |    14 |        2 |      0 |      0 |      0 |      0 |      1 |      0 |      0 |      0 |      1 | 2017-04-10 12:57:41.123-04 | 2017-04-15 08:04:35.146-04 |                7 |       0 |       0
 2909 | apropriado     |    13 |        2 |      0 |      0 |      0 |      0 |      0 |      1 |      1 |      0 |      0 | 2017-04-10 12:57:41.132-04 | 2017-04-15 08:17:37.787-04 |              6.5 |       0 |       0
 2829 | memorável      |    21 |        3 |      0 |      0 |      0 |      0 |      0 |      1 |      1 |      1 |      0 | 2017-04-10 12:57:41.114-04 | 2017-04-17 13:08:27.753-04 |                7 |       0 |       0
 3083 | penoso         |     4 |        2 |      1 |      0 |      1 |      0 |      0 |      0 |      0 |      0 |      0 | 2017-04-10 12:57:41.159-04 | 2017-04-14 02:17:30.414-04 |                2 |       0 |       0
 2998 | desbotado      |     2 |        1 |      0 |      1 |      0 |      0 |      0 |      0 |      0 |      0 |      0 | 2017-04-10 12:57:41.143-04 | 2017-04-13 11:20:50.705-04 |                2 |       0 |       0
 2876 | paterno        |    22 |        3 |      0 |      0 |      0 |      0 |      0 |      0 |      2 |      1 |      0 | 2017-04-10 12:57:41.121-04 | 2017-04-17 13:04:40.777-04 | 7.33333333333333 |       0 |       0
 2845 | espaçoso       |     7 |        1 |      0 |      0 |      0 |      0 |      0 |      0 |      1 |      0 |      0 | 2017-04-10 12:57:41.116-04 | 2017-04-13 11:27:19.932-04 |                7 |       0 |       0
 2871 | preso          |     1 |        1 |      1 |      0 |      0 |      0 |      0 |      0 |      0 |      0 |      0 | 2017-04-10 12:57:41.12-04  | 2017-04-13 11:31:15.023-04 |                1 |       0 |       0
 3031 | gostoso        |    16 |        2 |      0 |      0 |      0 |      0 |      0 |      0 |      1 |      0 |      1 | 2017-04-10 12:57:41.147-04 | 2017-04-14 10:52:27.208-04 |                8 |       0 |       0
 2900 | desapontado    |     2 |        1 |      0 |      1 |      0 |      0 |      0 |      0 |      0 |      0 |      0 | 2017-04-10 12:57:41.125-04 | 2017-04-13 11:33:29.315-04 |                2 |       0 |       0
 2850 | civilizado     |     7 |        1 |      0 |      0 |      0 |      0 |      0 |      0 |      1 |      0 |      0 | 2017-04-10 12:57:41.117-04 | 2017-04-13 11:35:57.912-04 |                7 |       0 |       0
 2881 | materno        |    16 |        2 |      0 |      0 |      0 |      0 |      0 |      0 |      0 |      2 |      0 | 2017-04-10 12:57:41.122-04 | 2017-04-13 12:14:20.752-04 |                8 |       0 |       0
 2757 | nojento        |     2 |        1 |      0 |      1 |      0 |      0 |      0 |      0 |      0 |      0 |      0 | 2017-04-10 12:57:41.089-04 | 2017-04-13 11:39:00.117-04 |                2 |       0 |       0
 2830 | maternal       |     8 |        1 |      0 |      0 |      0 |      0 |      0 |      0 |      0 |      1 |      0 | 2017-04-10 12:57:41.114-04 | 2017-04-13 12:10:25.485-04 |                8 |       0 |       0
 3059 | abobadado      |     3 |        1 |      0 |      0 |      1 |      0 |      0 |      0 |      0 |      0 |      0 | 2017-04-10 12:57:41.154-04 | 2017-04-13 12:11:32.178-04 |                3 |       0 |       0
 2800 | eficiente      |     8 |        1 |      0 |      0 |      0 |      0 |      0 |      0 |      0 |      1 |      0 | 2017-04-10 12:57:41.099-04 | 2017-04-13 12:23:08.548-04 |                8 |       0 |       0
 2928 | mal-humorado   |     1 |        1 |      1 |      0 |      0 |      0 |      0 |      0 |      0 |      0 |      0 | 2017-04-10 12:57:41.134-04 | 2017-04-14 02:17:32.397-04 |                1 |       0 |       0
 3050 | bravo          |     6 |        4 |      3 |      0 |      1 |      0 |      0 |      0 |      0 |      0 |      0 | 2017-04-10 12:57:41.151-04 | 2017-04-14 02:13:55.592-04 |              1.5 |       0 |       0
 2938 | exuberante     |     9 |        1 |      0 |      0 |      0 |      0 |      0 |      0 |      0 |      0 |      1 | 2017-04-10 12:57:41.135-04 | 2017-04-14 10:57:08.952-04 |                9 |       0 |       0
 2943 | dócil          |    14 |        2 |      0 |      0 |      0 |      0 |      0 |      1 |      0 |      1 |      0 | 2017-04-10 12:57:41.136-04 | 2017-04-14 11:00:10.318-04 |                7 |       0 |       0
 2835 | imperial       |     7 |        2 |      0 |      1 |      0 |      0 |      1 |      0 |      0 |      0 |      0 | 2017-04-10 12:57:41.115-04 | 2017-04-13 14:24:38.532-04 |              3.5 |       0 |       0
 2815 | abundante      |     7 |        1 |      0 |      0 |      0 |      0 |      0 |      0 |      1 |      0 |      0 | 2017-04-10 12:57:41.102-04 | 2017-04-13 14:17:35.048-04 |                7 |       0 |       0
 2988 | incessante     |     5 |        2 |      0 |      1 |      1 |      0 |      0 |      0 |      0 |      0 |      0 | 2017-04-10 12:57:41.141-04 | 2017-04-13 14:23:11.17-04  |              2.5 |       0 |       0
 3055 | adiantado      |    26 |        4 |      0 |      0 |      0 |      0 |      1 |      1 |      1 |      1 |      0 | 2017-04-10 12:57:41.152-04 | 2017-04-13 14:26:42.591-04 |              6.5 |       0 |       0
 2953 | atrevido       |     1 |        1 |      1 |      0 |      0 |      0 |      0 |      0 |      0 |      0 |      0 | 2017-04-10 12:57:41.137-04 | 2017-04-13 14:32:18.449-04 |                1 |       0 |       0
 3026 | infindável     |     6 |        2 |      1 |      0 |      0 |      0 |      1 |      0 |      0 |      0 |      0 | 2017-04-10 12:57:41.146-04 | 2017-04-13 15:12:28.955-04 |                3 |       0 |       0
 2795 | flexível       |     7 |        1 |      0 |      0 |      0 |      0 |      0 |      0 |      1 |      0 |      0 | 2017-04-10 12:57:41.098-04 | 2017-04-13 15:21:53.156-04 |                7 |       0 |       0
 3064 | teimoso        |     5 |        2 |      0 |      1 |      1 |      0 |      0 |      0 |      0 |      0 |      0 | 2017-04-10 12:57:41.155-04 | 2017-04-14 02:13:53.077-04 |              2.5 |       0 |       0
 2918 | separado       |     3 |        1 |      0 |      0 |      1 |      0 |      0 |      0 |      0 |      0 |      0 | 2017-04-10 12:57:41.133-04 | 2017-04-14 02:17:39.702-04 |                3 |       0 |       0
 3069 | saudoso        |    13 |        2 |      0 |      0 |      0 |      1 |      0 |      0 |      0 |      0 |      1 | 2017-04-10 12:57:41.156-04 | 2017-04-14 10:51:43.189-04 |              6.5 |       0 |       0
 3004 | amigável       |     8 |        1 |      0 |      0 |      0 |      0 |      0 |      0 |      0 |      1 |      0 | 2017-04-10 12:57:41.143-04 | 2017-04-12 16:08:59.255-04 |                8 |       0 |       0
 2887 | hostil         |     2 |        1 |      0 |      1 |      0 |      0 |      0 |      0 |      0 |      0 |      0 | 2017-04-10 12:57:41.123-04 | 2017-04-13 14:28:40.298-04 |                2 |       0 |       0
 2989 | impensável     |     3 |        1 |      0 |      0 |      1 |      0 |      0 |      0 |      0 |      0 |      0 | 2017-04-10 12:57:41.141-04 | 2017-04-13 12:19:20.992-04 |                3 |       0 |       0
 3009 | vergonhoso     |     3 |        1 |      0 |      0 |      1 |      0 |      0 |      0 |      0 |      0 |      0 | 2017-04-10 12:57:41.144-04 | 2017-04-13 11:37:41.47-04  |                3 |       0 |       0
 2836 | impecável      |    13 |        2 |      0 |      0 |      0 |      0 |      0 |      1 |      1 |      0 |      0 | 2017-04-10 12:57:41.115-04 | 2017-04-14 10:54:04.253-04 |              6.5 |       0 |       0
 2906 | bárbaro        |     9 |        3 |      1 |      0 |      0 |      2 |      0 |      0 |      0 |      0 |      0 | 2017-04-10 12:57:41.131-04 | 2017-04-13 15:20:13.032-04 |                3 |       0 |       0
 2841 | fúnebre        |     2 |        2 |      2 |      0 |      0 |      0 |      0 |      0 |      0 |      0 |      0 | 2017-04-10 12:57:41.116-04 | 2017-04-13 11:38:48.921-04 |                1 |       0 |       0
 2974 | prostrado      |     3 |        1 |      0 |      0 |      1 |      0 |      0 |      0 |      0 |      0 |      0 | 2017-04-10 12:57:41.14-04  | 2017-04-13 12:10:47.247-04 |                3 |       0 |       0
 2969 | temível        |    10 |        3 |      0 |      1 |      0 |      2 |      0 |      0 |      0 |      0 |      0 | 2017-04-10 12:57:41.139-04 | 2017-04-14 14:50:57.212-04 | 3.33333333333333 |       0 |       0
 3037 | doentio        |     2 |        1 |      0 |      1 |      0 |      0 |      0 |      0 |      0 |      0 |      0 | 2017-04-10 12:57:41.149-04 | 2017-04-13 13:00:26.327-04 |                2 |       0 |       0
 3056 | acolhedor      |     8 |        1 |      0 |      0 |      0 |      0 |      0 |      0 |      0 |      1 |      0 | 2017-04-10 12:57:41.153-04 | 2017-04-13 12:25:02.414-04 |                8 |       0 |       0
 2984 | majestoso      |    15 |        2 |      0 |      0 |      0 |      0 |      0 |      0 |      1 |      1 |      0 | 2017-04-10 12:57:41.141-04 | 2017-04-13 12:58:45.521-04 |              7.5 |       0 |       0
 2856 | arrependido    |     7 |        1 |      0 |      0 |      0 |      0 |      0 |      0 |      1 |      0 |      0 | 2017-04-10 12:57:41.118-04 | 2017-04-15 08:17:13.967-04 |                7 |       0 |       0
 3017 | poeirento      |    13 |        4 |      0 |      2 |      0 |      1 |      1 |      0 |      0 |      0 |      0 | 2017-04-10 12:57:41.145-04 | 2017-04-13 13:26:25.444-04 |             3.25 |       0 |       0
 2872 | prematuro      |     9 |        3 |      0 |      1 |      1 |      1 |      0 |      0 |      0 |      0 |      0 | 2017-04-10 12:57:41.12-04  | 2017-04-13 14:17:20.735-04 |                3 |       0 |       0
 3041 | cortante       |    18 |        5 |      1 |      0 |      0 |      3 |      1 |      0 |      0 |      0 |      0 | 2017-04-10 12:57:41.15-04  | 2017-04-14 02:14:27.975-04 |              3.6 |       0 |       0
 2806 | bem-vindo      |    17 |        2 |      0 |      0 |      0 |      0 |      0 |      0 |      0 |      1 |      1 | 2017-04-10 12:57:41.1-04   | 2017-04-14 14:50:38.084-04 |              8.5 |       0 |       0
 3075 | reprovador     |     2 |        1 |      0 |      1 |      0 |      0 |      0 |      0 |      0 |      0 |      0 | 2017-04-10 12:57:41.157-04 | 2017-04-17 13:04:48.196-04 |                2 |       0 |       0
 3065 | sóbrio         |    26 |        4 |      0 |      0 |      0 |      0 |      1 |      1 |      1 |      1 |      0 | 2017-04-10 12:57:41.156-04 | 2017-04-17 13:13:39.222-04 |              6.5 |       0 |       0
 3006 | vigoroso       |     7 |        1 |      0 |      0 |      0 |      0 |      0 |      0 |      1 |      0 |      0 | 2017-04-10 12:57:41.144-04 | 2017-04-12 16:02:19.783-04 |                7 |       0 |       0
 3061 | virtuoso       |     7 |        1 |      0 |      0 |      0 |      0 |      0 |      0 |      1 |      0 |      0 | 2017-04-10 12:57:41.155-04 | 2017-04-12 16:03:12.71-04  |                7 |       0 |       0
 3080 | pitoresco      |    14 |        2 |      0 |      0 |      0 |      0 |      1 |      0 |      0 |      0 |      1 | 2017-04-10 12:57:41.159-04 | 2017-04-13 11:33:33.331-04 |                7 |       0 |       0
 2788 | matinal        |    19 |        3 |      0 |      0 |      0 |      0 |      1 |      1 |      0 |      1 |      0 | 2017-04-10 12:57:41.097-04 | 2017-04-13 12:10:21.055-04 | 6.33333333333333 |       0 |       0
 2884 | inflexível     |     5 |        2 |      1 |      0 |      0 |      1 |      0 |      0 |      0 |      0 |      0 | 2017-04-10 12:57:41.122-04 | 2017-04-14 10:57:12.012-04 |              2.5 |       0 |       0
 2941 | ensolarado     |    19 |        3 |      0 |      0 |      0 |      0 |      1 |      1 |      0 |      1 |      0 | 2017-04-10 12:57:41.136-04 | 2017-04-15 08:05:22.111-04 | 6.33333333333333 |       0 |       0
 2823 | perverso       |     2 |        1 |      0 |      1 |      0 |      0 |      0 |      0 |      0 |      0 |      0 | 2017-04-10 12:57:41.112-04 | 2017-04-13 11:36:57.206-04 |                2 |       0 |       0
 2898 | educado        |     9 |        1 |      0 |      0 |      0 |      0 |      0 |      0 |      0 |      0 |      1 | 2017-04-10 12:57:41.125-04 | 2017-04-17 13:13:24.147-04 |                9 |       0 |       0
 2971 | sublime        |     8 |        1 |      0 |      0 |      0 |      0 |      0 |      0 |      0 |      1 |      0 | 2017-04-10 12:57:41.139-04 | 2017-04-13 12:15:39.181-04 |                8 |       0 |       0
 3023 | irracional     |     5 |        2 |      1 |      0 |      0 |      1 |      0 |      0 |      0 |      0 |      0 | 2017-04-10 12:57:41.146-04 | 2017-04-13 12:10:15.643-04 |              2.5 |       0 |       0
 2843 | exigente       |     3 |        1 |      0 |      0 |      1 |      0 |      0 |      0 |      0 |      0 |      0 | 2017-04-10 12:57:41.116-04 | 2017-04-13 12:15:43.256-04 |                3 |       0 |       0
 2991 | holandês       |     7 |        1 |      0 |      0 |      0 |      0 |      0 |      0 |      1 |      0 |      0 | 2017-04-10 12:57:41.142-04 | 2017-04-15 08:04:24.162-04 |                7 |       0 |       0
 2813 | ameno          |     8 |        1 |      0 |      0 |      0 |      0 |      0 |      0 |      0 |      1 |      0 | 2017-04-10 12:57:41.101-04 | 2017-04-13 12:19:40.318-04 |                8 |       0 |       0
 2996 | desorientado   |     5 |        2 |      0 |      1 |      1 |      0 |      0 |      0 |      0 |      0 |      0 | 2017-04-10 12:57:41.142-04 | 2017-04-15 08:03:29.862-04 |              2.5 |       0 |       0
 2848 | cortês         |     8 |        1 |      0 |      0 |      0 |      0 |      0 |      0 |      0 |      1 |      0 | 2017-04-10 12:57:41.117-04 | 2017-04-13 13:27:58.449-04 |                8 |       0 |       0
 2931 | inacabado      |     1 |        1 |      1 |      0 |      0 |      0 |      0 |      0 |      0 |      0 |      0 | 2017-04-10 12:57:41.134-04 | 2017-04-13 14:17:01.972-04 |                1 |       0 |       0
 2779 | tranquilizador |    13 |        2 |      0 |      0 |      0 |      0 |      0 |      1 |      1 |      0 |      0 | 2017-04-10 12:57:41.095-04 | 2017-04-14 10:55:23.922-04 |              6.5 |       0 |       0
 3052 | atónito        |     7 |        2 |      0 |      0 |      1 |      1 |      0 |      0 |      0 |      0 |      0 | 2017-04-10 12:57:41.152-04 | 2017-04-14 10:54:25.973-04 |              3.5 |       0 |       0
 2913 | vadio          |     5 |        3 |      1 |      2 |      0 |      0 |      0 |      0 |      0 |      0 |      0 | 2017-04-10 12:57:41.132-04 | 2017-04-14 10:59:46.16-04  | 1.66666666666667 |       0 |       0
 2908 | aturdido       |     3 |        1 |      0 |      0 |      1 |      0 |      0 |      0 |      0 |      0 |      0 | 2017-04-10 12:57:41.131-04 | 2017-04-15 08:16:25.893-04 |                3 |       0 |       0
 2808 | aterrorizado   |     3 |        2 |      1 |      1 |      0 |      0 |      0 |      0 |      0 |      0 |      0 | 2017-04-10 12:57:41.1-04   | 2017-04-15 08:16:31.495-04 |              1.5 |       0 |       0
 2798 | entusiasmado   |    16 |        2 |      0 |      0 |      0 |      0 |      0 |      0 |      1 |      0 |      1 | 2017-04-10 12:57:41.099-04 | 2017-04-17 13:14:30.605-04 |                8 |       0 |       0
 3091 | maligno        |     2 |        1 |      0 |      1 |      0 |      0 |      0 |      0 |      0 |      0 |      0 | 2017-04-10 12:57:41.162-04 | 2017-04-13 15:10:57.145-04 |                2 |       0 |       0
 3225 | condescendente |     7 |        1 |      0 |      0 |      0 |      0 |      0 |      0 |      1 |      0 |      0 | 2017-04-10 12:57:41.192-04 | 2017-04-13 11:30:36.797-04 |                7 |       0 |       0
 3000 | correto        |    23 |        3 |      0 |      0 |      0 |      0 |      0 |      1 |      0 |      1 |      1 | 2017-04-10 12:57:41.143-04 | 2017-04-14 10:49:15.747-04 | 7.66666666666667 |       0 |       0
 3230 | bêbedo         |     1 |        1 |      1 |      0 |      0 |      0 |      0 |      0 |      0 |      0 |      0 | 2017-04-10 12:57:41.193-04 | 2017-04-14 10:56:40.361-04 |                1 |       0 |       0
 2990 | humilhante     |     5 |        3 |      1 |      2 |      0 |      0 |      0 |      0 |      0 |      0 |      0 | 2017-04-10 12:57:41.142-04 | 2017-04-14 10:57:04.145-04 | 1.66666666666667 |       0 |       0
 3019 | oco            |     3 |        1 |      0 |      0 |      1 |      0 |      0 |      0 |      0 |      0 |      0 | 2017-04-10 12:57:41.145-04 | 2017-04-13 12:16:21.602-04 |                3 |       0 |       0
 3105 | inexpressivo   |    11 |        3 |      0 |      0 |      1 |      2 |      0 |      0 |      0 |      0 |      0 | 2017-04-10 12:57:41.165-04 | 2017-04-13 12:22:03.184-04 | 3.66666666666667 |       0 |       0
 3289 | indigno        |     2 |        1 |      0 |      1 |      0 |      0 |      0 |      0 |      0 |      0 |      0 | 2017-04-10 12:57:41.21-04  | 2017-04-13 12:24:53.004-04 |                2 |       0 |       0
 3255 | ritmado        |    14 |        2 |      0 |      0 |      0 |      0 |      0 |      0 |      2 |      0 |      0 | 2017-04-10 12:57:41.202-04 | 2017-04-17 13:15:07.022-04 |                7 |       0 |       0
 3265 | pateta         |     3 |        1 |      0 |      0 |      1 |      0 |      0 |      0 |      0 |      0 |      0 | 2017-04-10 12:57:41.204-04 | 2017-04-13 13:00:15.534-04 |                3 |       0 |       0
 3110 | grotesco       |     3 |        1 |      0 |      0 |      1 |      0 |      0 |      0 |      0 |      0 |      0 | 2017-04-10 12:57:41.166-04 | 2017-04-14 10:57:24.159-04 |                3 |       0 |       0
 3081 | persistente    |     3 |        1 |      0 |      0 |      1 |      0 |      0 |      0 |      0 |      0 |      0 | 2017-04-10 12:57:41.159-04 | 2017-04-13 14:15:58.294-04 |                3 |       0 |       0
 3156 | saboroso       |     9 |        1 |      0 |      0 |      0 |      0 |      0 |      0 |      0 |      0 |      1 | 2017-04-10 12:57:41.176-04 | 2017-04-13 14:28:55.608-04 |                9 |       0 |       0
 3005 | árduo          |     6 |        2 |      0 |      1 |      0 |      1 |      0 |      0 |      0 |      0 |      0 | 2017-04-10 12:57:41.143-04 | 2017-04-13 14:28:59.884-04 |                3 |       0 |       0
 3086 | ofendido       |     3 |        1 |      0 |      0 |      1 |      0 |      0 |      0 |      0 |      0 |      0 | 2017-04-10 12:57:41.161-04 | 2017-04-14 10:53:42.077-04 |                3 |       0 |       0
 3205 | esplendoroso   |    16 |        2 |      0 |      0 |      0 |      0 |      0 |      0 |      1 |      0 |      1 | 2017-04-10 12:57:41.187-04 | 2017-04-14 10:56:50.242-04 |                8 |       0 |       0
 3024 | insuficiente   |     7 |        2 |      0 |      0 |      1 |      1 |      0 |      0 |      0 |      0 |      0 | 2017-04-10 12:57:41.146-04 | 2017-04-14 10:57:41.686-04 |              3.5 |       0 |       0
 3115 | estético       |    19 |        3 |      0 |      0 |      0 |      0 |      1 |      1 |      0 |      1 |      0 | 2017-04-10 12:57:41.167-04 | 2017-04-17 13:13:17.419-04 | 6.33333333333333 |       0 |       0
 3231 | bestial        |     3 |        1 |      0 |      0 |      1 |      0 |      0 |      0 |      0 |      0 |      0 | 2017-04-10 12:57:41.193-04 | 2017-04-13 12:11:12.5-04   |                3 |       0 |       0
 3343 | altivo         |     7 |        1 |      0 |      0 |      0 |      0 |      0 |      0 |      1 |      0 |      0 | 2017-04-10 12:57:41.224-04 | 2017-04-12 16:32:48.336-04 |                7 |       0 |       0
 2972 | reconfortante  |    15 |        2 |      0 |      0 |      0 |      0 |      0 |      0 |      1 |      1 |      0 | 2017-04-10 12:57:41.14-04  | 2017-04-12 16:32:02.9-04   |              7.5 |       0 |       0
 3323 | desastroso     |     6 |        2 |      0 |      0 |      2 |      0 |      0 |      0 |      0 |      0 |      0 | 2017-04-10 12:57:41.219-04 | 2017-04-14 10:51:26.644-04 |                3 |       0 |       0
 3172 | obrigatório    |     3 |        1 |      0 |      0 |      1 |      0 |      0 |      0 |      0 |      0 |      0 | 2017-04-10 12:57:41.18-04  | 2017-04-14 02:13:47.637-04 |                3 |       0 |       0
 3117 | espontâneo     |     7 |        1 |      0 |      0 |      0 |      0 |      0 |      0 |      1 |      0 |      0 | 2017-04-10 12:57:41.168-04 | 2017-04-13 12:22:56.283-04 |                7 |       0 |       0
 3294 | imprevisível   |     3 |        1 |      0 |      0 |      1 |      0 |      0 |      0 |      0 |      0 |      0 | 2017-04-10 12:57:41.212-04 | 2017-04-13 11:26:54.809-04 |                3 |       0 |       0
 3142 | afirmativo     |     9 |        1 |      0 |      0 |      0 |      0 |      0 |      0 |      0 |      0 |      1 | 2017-04-10 12:57:41.174-04 | 2017-04-13 11:31:03.136-04 |                9 |       0 |       0
 3087 | obediente      |     8 |        1 |      0 |      0 |      0 |      0 |      0 |      0 |      0 |      1 |      0 | 2017-04-10 12:57:41.161-04 | 2017-04-14 02:14:31.979-04 |                8 |       0 |       0
 2997 | desnecessário  |     7 |        2 |      0 |      1 |      0 |      0 |      1 |      0 |      0 |      0 |      0 | 2017-04-10 12:57:41.143-04 | 2017-04-17 13:07:41.408-04 |              3.5 |       0 |       0
 3097 | judicial       |     8 |        3 |      1 |      0 |      1 |      1 |      0 |      0 |      0 |      0 |      0 | 2017-04-10 12:57:41.163-04 | 2017-04-13 14:26:32.189-04 | 2.66666666666667 |       0 |       0
 2982 | medíocre       |     4 |        2 |      0 |      2 |      0 |      0 |      0 |      0 |      0 |      0 |      0 | 2017-04-10 12:57:41.141-04 | 2017-04-13 12:22:06.592-04 |                2 |       0 |       0
 3007 | viciado        |     3 |        2 |      1 |      1 |      0 |      0 |      0 |      0 |      0 |      0 |      0 | 2017-04-10 12:57:41.144-04 | 2017-04-14 10:50:45.579-04 |              1.5 |       0 |       0
 3309 | escaldante     |    10 |        3 |      0 |      1 |      0 |      2 |      0 |      0 |      0 |      0 |      0 | 2017-04-10 12:57:41.215-04 | 2017-04-15 08:04:10.188-04 | 3.33333333333333 |       0 |       0
 3025 | ingênuo        |     7 |        1 |      0 |      0 |      0 |      0 |      0 |      0 |      1 |      0 |      0 | 2017-04-10 12:57:41.146-04 | 2017-04-13 12:15:13.71-04  |                7 |       0 |       0
 3063 | tortuoso       |     3 |        1 |      0 |      0 |      1 |      0 |      0 |      0 |      0 |      0 |      0 | 2017-04-10 12:57:41.155-04 | 2017-04-13 12:20:39.43-04  |                3 |       0 |       0
 3127 | decepcionado   |     2 |        2 |      2 |      0 |      0 |      0 |      0 |      0 |      0 |      0 |      0 | 2017-04-10 12:57:41.17-04  | 2017-04-13 12:21:25.76-04  |                1 |       0 |       0
 3236 | acertado       |     9 |        1 |      0 |      0 |      0 |      0 |      0 |      0 |      0 |      0 |      1 | 2017-04-10 12:57:41.197-04 | 2017-04-13 12:23:45.587-04 |                9 |       0 |       0
 3112 | fosco          |     7 |        2 |      0 |      0 |      1 |      1 |      0 |      0 |      0 |      0 |      0 | 2017-04-10 12:57:41.167-04 | 2017-04-14 10:54:59.76-04  |              3.5 |       0 |       0
 3338 | atroz          |     6 |        2 |      1 |      0 |      0 |      0 |      1 |      0 |      0 |      0 |      0 | 2017-04-10 12:57:41.223-04 | 2017-04-13 15:20:41.248-04 |                3 |       0 |       0
 3082 | perceptível    |    13 |        2 |      0 |      0 |      0 |      0 |      0 |      1 |      1 |      0 |      0 | 2017-04-10 12:57:41.159-04 | 2017-04-14 02:17:27.891-04 |              6.5 |       0 |       0
 3333 | celeste        |     9 |        1 |      0 |      0 |      0 |      0 |      0 |      0 |      0 |      0 |      1 | 2017-04-10 12:57:41.222-04 | 2017-04-14 10:53:49.95-04  |                9 |       0 |       0
 3077 | raso           |     3 |        1 |      0 |      0 |      1 |      0 |      0 |      0 |      0 |      0 |      0 | 2017-04-10 12:57:41.158-04 | 2017-04-15 08:15:56.321-04 |                3 |       0 |       0
 3216 | desempregado   |     2 |        1 |      0 |      1 |      0 |      0 |      0 |      0 |      0 |      0 |      0 | 2017-04-10 12:57:41.19-04  | 2017-04-17 13:13:28.455-04 |                2 |       0 |       0
 3098 | irônico        |     2 |        1 |      0 |      1 |      0 |      0 |      0 |      0 |      0 |      0 |      0 | 2017-04-10 12:57:41.164-04 | 2017-04-13 14:15:06.069-04 |                2 |       0 |       0
 3271 | neoclássico    |     8 |        1 |      0 |      0 |      0 |      0 |      0 |      0 |      0 |      1 |      0 | 2017-04-10 12:57:41.206-04 | 2017-04-17 13:05:51.435-04 |                8 |       0 |       0
 3290 | indecente      |     3 |        1 |      0 |      0 |      1 |      0 |      0 |      0 |      0 |      0 |      0 | 2017-04-10 12:57:41.211-04 | 2017-04-12 16:36:54.907-04 |                3 |       0 |       0
 3128 | cristalino     |     7 |        1 |      0 |      0 |      0 |      0 |      0 |      0 |      1 |      0 |      0 | 2017-04-10 12:57:41.17-04  | 2017-04-13 11:23:05.527-04 |                7 |       0 |       0
 3262 | petulante      |     2 |        1 |      0 |      1 |      0 |      0 |      0 |      0 |      0 |      0 |      0 | 2017-04-10 12:57:41.203-04 | 2017-04-13 11:27:13.308-04 |                2 |       0 |       0
 3310 | engenhoso      |     8 |        1 |      0 |      0 |      0 |      0 |      0 |      0 |      0 |      1 |      0 | 2017-04-10 12:57:41.216-04 | 2017-04-13 11:27:45.689-04 |                8 |       0 |       0
 3222 | contorcido     |     3 |        1 |      0 |      0 |      1 |      0 |      0 |      0 |      0 |      0 |      0 | 2017-04-10 12:57:41.191-04 | 2017-04-13 12:10:45.35-04  |                3 |       0 |       0
 3345 | alemã          |    14 |        2 |      0 |      0 |      0 |      0 |      1 |      0 |      0 |      0 |      1 | 2017-04-10 12:57:41.225-04 | 2017-04-13 13:29:10.209-04 |                7 |       0 |       0
 3267 | passado        |     9 |        1 |      0 |      0 |      0 |      0 |      0 |      0 |      0 |      0 |      1 | 2017-04-10 12:57:41.205-04 | 2017-04-13 15:12:10.48-04  |                9 |       0 |       0
 3108 | imprevisto     |     8 |        3 |      1 |      0 |      1 |      1 |      0 |      0 |      0 |      0 |      0 | 2017-04-10 12:57:41.166-04 | 2017-04-13 14:22:28.997-04 | 2.66666666666667 |       0 |       0
 3286 | insolente      |     2 |        1 |      0 |      1 |      0 |      0 |      0 |      0 |      0 |      0 |      0 | 2017-04-10 12:57:41.209-04 | 2017-04-17 13:13:10.145-04 |                2 |       0 |       0
 3330 | colossal       |     8 |        1 |      0 |      0 |      0 |      0 |      0 |      0 |      0 |      1 |      0 | 2017-04-10 12:57:41.221-04 | 2017-04-13 11:39:02.507-04 |                8 |       0 |       0
 3281 | leitoso        |     6 |        2 |      1 |      0 |      0 |      0 |      1 |      0 |      0 |      0 |      0 | 2017-04-10 12:57:41.208-04 | 2017-04-13 13:27:18.83-04  |                3 |       0 |       0
 3103 | inseguro       |     3 |        1 |      0 |      0 |      1 |      0 |      0 |      0 |      0 |      0 |      0 | 2017-04-10 12:57:41.165-04 | 2017-04-13 12:11:28.412-04 |                3 |       0 |       0
 3301 | fugitivo       |     5 |        2 |      0 |      1 |      1 |      0 |      0 |      0 |      0 |      0 |      0 | 2017-04-10 12:57:41.213-04 | 2017-04-13 13:01:47.487-04 |              2.5 |       0 |       0
 3311 | encorajador    |     9 |        1 |      0 |      0 |      0 |      0 |      0 |      0 |      0 |      0 |      1 | 2017-04-10 12:57:41.216-04 | 2017-04-13 12:14:02.116-04 |                9 |       0 |       0
 3133 | caloroso       |     8 |        1 |      0 |      0 |      0 |      0 |      0 |      0 |      0 |      1 |      0 | 2017-04-10 12:57:41.171-04 | 2017-04-13 12:19:41.457-04 |                8 |       0 |       0
 3217 | descontente    |     2 |        1 |      0 |      1 |      0 |      0 |      0 |      0 |      0 |      0 |      0 | 2017-04-10 12:57:41.19-04  | 2017-04-13 12:20:30.828-04 |                2 |       0 |       0
 3192 | fútil          |     6 |        2 |      0 |      1 |      0 |      1 |      0 |      0 |      0 |      0 |      0 | 2017-04-10 12:57:41.184-04 | 2017-04-13 13:25:58.954-04 |                3 |       0 |       0
 3300 | fulminante     |     2 |        1 |      0 |      1 |      0 |      0 |      0 |      0 |      0 |      0 |      0 | 2017-04-10 12:57:41.213-04 | 2017-04-13 12:23:21.063-04 |                2 |       0 |       0
 3163 | próspero       |    17 |        2 |      0 |      0 |      0 |      0 |      0 |      0 |      0 |      1 |      1 | 2017-04-10 12:57:41.178-04 | 2017-04-13 15:12:02.569-04 |              8.5 |       0 |       0
 3247 | tentado        |     6 |        2 |      0 |      0 |      2 |      0 |      0 |      0 |      0 |      0 |      0 | 2017-04-10 12:57:41.2-04   | 2017-04-15 08:04:55.186-04 |                3 |       0 |       0
 3104 | inquietante    |     9 |        3 |      0 |      1 |      1 |      1 |      0 |      0 |      0 |      0 |      0 | 2017-04-10 12:57:41.165-04 | 2017-04-13 14:31:52.128-04 |                3 |       0 |       0
 3314 | eclesiástico   |    13 |        2 |      0 |      0 |      0 |      0 |      1 |      0 |      0 |      1 |      0 | 2017-04-10 12:57:41.217-04 | 2017-04-14 10:56:30.795-04 |              6.5 |       0 |       0
 3113 | forçado        |     3 |        1 |      0 |      0 |      1 |      0 |      0 |      0 |      0 |      0 |      0 | 2017-04-10 12:57:41.167-04 | 2017-04-17 13:14:17.021-04 |                3 |       0 |       0
 3275 | mineiro        |    28 |        4 |      0 |      0 |      0 |      0 |      1 |      0 |      2 |      0 |      1 | 2017-04-10 12:57:41.207-04 | 2017-04-17 13:14:52.399-04 |                7 |       0 |       0
 3209 | enjoado        |     6 |        2 |      0 |      1 |      0 |      1 |      0 |      0 |      0 |      0 |      0 | 2017-04-10 12:57:41.188-04 | 2017-04-14 10:58:16.51-04  |                3 |       0 |       0
 3233 | antiquado      |     3 |        1 |      0 |      0 |      1 |      0 |      0 |      0 |      0 |      0 |      0 | 2017-04-10 12:57:41.196-04 | 2017-04-12 16:03:06.283-04 |                3 |       0 |       0
 3120 | eficaz         |     9 |        1 |      0 |      0 |      0 |      0 |      0 |      0 |      0 |      0 |      1 | 2017-04-10 12:57:41.168-04 | 2017-04-13 11:33:11.006-04 |                9 |       0 |       0
 3263 | pecaminoso     |     6 |        3 |      1 |      1 |      1 |      0 |      0 |      0 |      0 |      0 |      0 | 2017-04-10 12:57:41.204-04 | 2017-04-14 10:59:10.824-04 |                2 |       0 |       0
 3149 | verdejante     |    19 |        3 |      0 |      0 |      0 |      0 |      2 |      0 |      0 |      0 |      1 | 2017-04-10 12:57:41.175-04 | 2017-04-17 13:09:09.021-04 | 6.33333333333333 |       0 |       0
 3154 | silvestre      |    13 |        2 |      0 |      0 |      0 |      0 |      0 |      1 |      1 |      0 |      0 | 2017-04-10 12:57:41.176-04 | 2017-04-14 11:02:19.158-04 |              6.5 |       0 |       0
 3189 | imortal        |     8 |        1 |      0 |      0 |      0 |      0 |      0 |      0 |      0 |      1 |      0 | 2017-04-10 12:57:41.184-04 | 2017-04-13 15:12:06.414-04 |                8 |       0 |       0
 3198 | favorito       |    13 |        2 |      0 |      0 |      0 |      0 |      0 |      1 |      1 |      0 |      0 | 2017-04-10 12:57:41.185-04 | 2017-04-14 11:02:04.389-04 |              6.5 |       0 |       0
 3326 | delirante      |     2 |        1 |      0 |      1 |      0 |      0 |      0 |      0 |      0 |      0 |      0 | 2017-04-10 12:57:41.22-04  | 2017-04-17 13:15:38.151-04 |                2 |       0 |       0
 3316 | dominador      |     2 |        1 |      0 |      1 |      0 |      0 |      0 |      0 |      0 |      0 |      0 | 2017-04-10 12:57:41.217-04 | 2017-04-13 12:09:26.885-04 |                2 |       0 |       0
 3179 | malicioso      |     3 |        1 |      0 |      0 |      1 |      0 |      0 |      0 |      0 |      0 |      0 | 2017-04-10 12:57:41.182-04 | 2017-04-13 12:12:11.383-04 |                3 |       0 |       0
 3114 | filosófico     |     8 |        1 |      0 |      0 |      0 |      0 |      0 |      0 |      0 |      1 |      0 | 2017-04-10 12:57:41.167-04 | 2017-04-13 12:18:55.282-04 |                8 |       0 |       0
 3124 | deprimente     |     2 |        2 |      2 |      0 |      0 |      0 |      0 |      0 |      0 |      0 |      0 | 2017-04-10 12:57:41.169-04 | 2017-04-13 12:59:42.239-04 |                1 |       0 |       0
 3164 | portátil       |     7 |        1 |      0 |      0 |      0 |      0 |      0 |      0 |      1 |      0 |      0 | 2017-04-10 12:57:41.178-04 | 2017-04-13 13:01:54.901-04 |                7 |       0 |       0
 3292 | incompleto     |    10 |        3 |      0 |      0 |      2 |      1 |      0 |      0 |      0 |      0 |      0 | 2017-04-10 12:57:41.211-04 | 2017-04-13 13:27:14.694-04 | 3.33333333333333 |       0 |       0
 3150 | temeroso       |     3 |        1 |      0 |      0 |      1 |      0 |      0 |      0 |      0 |      0 |      0 | 2017-04-10 12:57:41.175-04 | 2017-04-13 14:16:27.44-04  |                3 |       0 |       0
 3134 | bruto          |     1 |        1 |      1 |      0 |      0 |      0 |      0 |      0 |      0 |      0 |      0 | 2017-04-10 12:57:41.171-04 | 2017-04-13 15:22:00.56-04  |                1 |       0 |       0
 3180 | lamentável     |     4 |        2 |      0 |      2 |      0 |      0 |      0 |      0 |      0 |      0 |      0 | 2017-04-10 12:57:41.182-04 | 2017-04-17 13:08:13.602-04 |                2 |       0 |       0
 2405 | privado        |     8 |        1 |      0 |      0 |      0 |      0 |      0 |      0 |      0 |      1 |      0 | 2017-04-10 12:57:41.018-04 | 2017-04-12 14:39:24.715-04 |                8 |       0 |       0
 2721 | intolerável    |     1 |        1 |      1 |      0 |      0 |      0 |      0 |      0 |      0 |      0 |      0 | 2017-04-10 12:57:41.083-04 | 2017-04-12 14:40:48.733-04 |                1 |       0 |       0
 2078 | fácil          |     8 |        1 |      0 |      0 |      0 |      0 |      0 |      0 |      0 |      1 |      0 | 2017-04-10 12:57:40.917-04 | 2017-04-12 16:08:29.663-04 |                8 |       0 |       0
 3201 | exasperado     |     3 |        1 |      0 |      0 |      1 |      0 |      0 |      0 |      0 |      0 |      0 | 2017-04-10 12:57:41.186-04 | 2017-04-12 16:32:21.652-04 |                3 |       0 |       0
 3214 | deslumbrante   |     7 |        1 |      0 |      0 |      0 |      0 |      0 |      0 |      1 |      0 |      0 | 2017-04-10 12:57:41.189-04 | 2017-04-13 12:16:44.072-04 |                7 |       0 |       0
 2961 | vitorioso      |    15 |        2 |      0 |      0 |      0 |      0 |      0 |      0 |      1 |      1 |      0 | 2017-04-10 12:57:41.138-04 | 2017-04-15 08:04:06.402-04 |              7.5 |       0 |       0
 3229 | cansativo      |     6 |        2 |      0 |      0 |      2 |      0 |      0 |      0 |      0 |      0 |      0 | 2017-04-10 12:57:41.193-04 | 2017-04-14 10:53:11.917-04 |                3 |       0 |       0
 3332 | chateado       |     5 |        2 |      1 |      0 |      0 |      1 |      0 |      0 |      0 |      0 |      0 | 2017-04-10 12:57:41.221-04 | 2017-04-13 15:22:19.838-04 |              2.5 |       0 |       0
 2239 | precioso       |     7 |        1 |      0 |      0 |      0 |      0 |      0 |      0 |      1 |      0 |      0 | 2017-04-10 12:57:40.996-04 | 2017-04-13 11:38:27.514-04 |                7 |       0 |       0
 3244 | triunfal       |    16 |        2 |      0 |      0 |      0 |      0 |      0 |      0 |      1 |      0 |      1 | 2017-04-10 12:57:41.199-04 | 2017-04-13 14:27:26.985-04 |                8 |       0 |       0
 3319 | desordenado    |     3 |        1 |      0 |      0 |      1 |      0 |      0 |      0 |      0 |      0 |      0 | 2017-04-10 12:57:41.218-04 | 2017-04-13 12:11:42.56-04  |                3 |       0 |       0
 3352 | balada         |     9 |        1 |      0 |      0 |      0 |      0 |      0 |      0 |      0 |      0 |      1 | 2017-04-12 16:13:16.197-04 | 2017-04-13 12:19:31.833-04 |                9 |       0 |       0
 3313 | elétrico       |     2 |        1 |      0 |      1 |      0 |      0 |      0 |      0 |      0 |      0 |      0 | 2017-04-10 12:57:41.217-04 | 2017-04-13 14:27:59.964-04 |                2 |       0 |       0
 3283 | instável       |     3 |        1 |      0 |      0 |      1 |      0 |      0 |      0 |      0 |      0 |      0 | 2017-04-10 12:57:41.209-04 | 2017-04-13 12:19:56.922-04 |                3 |       0 |       0
 2314 | derradeiro     |     7 |        2 |      0 |      0 |      1 |      1 |      0 |      0 |      0 |      0 |      0 | 2017-04-10 12:57:41.006-04 | 2017-04-14 11:03:24.312-04 |              3.5 |       0 |       0
 2200 | parado         |     7 |        2 |      0 |      1 |      0 |      0 |      1 |      0 |      0 |      0 |      0 | 2017-04-10 12:57:40.983-04 | 2017-04-13 14:19:01.768-04 |              3.5 |       0 |       0
 3274 | moderado       |    13 |        2 |      0 |      0 |      0 |      0 |      0 |      1 |      1 |      0 |      0 | 2017-04-10 12:57:41.206-04 | 2017-04-15 08:17:01.814-04 |              6.5 |       0 |       0
 3353 | violência      |     4 |        4 |      4 |      0 |      0 |      0 |      0 |      0 |      0 |      0 |      0 | 2017-04-12 16:13:17.727-04 | 2017-04-17 13:09:26.752-04 |                1 |       0 |       0
 3219 | cínico         |     6 |        3 |      1 |      1 |      1 |      0 |      0 |      0 |      0 |      0 |      0 | 2017-04-10 12:57:41.19-04  | 2017-04-14 11:00:00.614-04 |                2 |       0 |       0
 3175 | nupcial        |    14 |        2 |      0 |      0 |      0 |      0 |      1 |      0 |      0 |      0 |      1 | 2017-04-10 12:57:41.181-04 | 2017-04-28 14:03:02.587-04 |                7 |       0 |       0
 3349 | abandonado     |     1 |        1 |      1 |      0 |      0 |      0 |      0 |      0 |      0 |      0 |      0 | 2017-04-10 12:57:41.226-04 | 2017-05-05 17:04:59.739-04 |                1 |       1 |       0
 3350 | top            |     9 |        1 |      0 |      0 |      0 |      0 |      0 |      0 |      0 |      0 |      1 | 2017-04-12 14:47:10.656-04 | 2017-04-13 12:14:21.007-04 |                9 |       0 |       0
 2120 | interessante   |    21 |        3 |      0 |      0 |      0 |      0 |      0 |      1 |      1 |      1 |      0 | 2017-04-10 12:57:40.938-04 | 2017-04-13 13:25:47.499-04 |                7 |       0 |       0
 2159 | caro           |     7 |        2 |      0 |      0 |      1 |      1 |      0 |      0 |      0 |      0 |      0 | 2017-04-10 12:57:40.962-04 | 2017-04-13 14:27:18.387-04 |              3.5 |       0 |       0
 2905 | carinhoso      |     9 |        1 |      0 |      0 |      0 |      0 |      0 |      0 |      0 |      0 |      1 | 2017-04-10 12:57:41.131-04 | 2017-04-15 08:16:50.612-04 |                9 |       0 |       0
(426 rows)

            List of relations
 Schema |      Name      | Type  | Owner 
--------+----------------+-------+-------
 public | SequelizeMeta  | table | root
 public | cards          | table | root
 public | likes          | table | root
 public | metadiaria     | table | root
 public | sugerirpalavra | table | root
 public | usercards      | table | root
 public | usuario        | table | root
 public | votos          | table | root
 public | word           | table | root
(9 rows)

